177.85	1058.80
178.07	1058.80
178.28	1058.80
178.50	1056.75
178.72	1048.56
178.94	1196.01
179.16	1202.16
179.38	1155.05
179.59	1206.25
179.81	1265.64
180.03	1253.36
180.25	1155.05
180.47	1232.88
180.68	1185.77
180.90	1140.72
181.12	1132.53
181.34	1077.23
181.56	1136.62
181.78	1216.49
181.99	1236.97
182.21	1275.88
182.43	1179.63
182.65	1206.25
182.87	1212.40
183.08	1306.60
183.30	1261.55
183.52	1155.05
183.74	1259.50
183.96	1236.97
184.17	1247.21
184.39	1236.97
184.61	1263.60
184.83	1292.27
185.05	1189.87
185.26	1255.40
185.48	1230.83
185.70	1290.22
185.92	1275.88
186.14	1279.98
186.35	1286.12
186.57	1218.54
186.79	1255.40
187.01	1261.55
187.23	1353.71
187.44	1245.16
187.66	1226.73
187.88	1212.40
188.10	1239.02
188.32	1286.12
188.53	1310.70
188.75	1247.21
188.97	1177.58
189.19	1208.30
189.41	1263.60
189.62	1302.51
189.84	1191.92
190.06	1224.69
190.28	1255.40
190.49	1179.63
190.71	1247.21
190.93	1337.32
191.15	1302.51
191.37	1294.32
191.58	1282.03
191.80	1241.07
192.02	1306.60
192.24	1286.12
192.45	1245.16
192.67	1368.04
192.89	1210.35
193.11	1196.01
193.33	1312.75
193.54	1302.51
193.76	1200.11
193.98	1263.60
194.20	1249.26
194.41	1294.32
194.63	1275.88
194.85	1265.64
195.07	1222.64
195.28	1247.21
195.50	1146.86
195.72	1234.93
195.94	1320.94
196.16	1265.64
196.37	1230.83
196.59	1175.53
196.81	1196.01
197.03	1294.32
197.24	1167.34
197.46	1277.93
197.68	1327.08
197.90	1243.12
198.11	1298.41
198.33	1198.06
198.55	1259.50
198.77	1271.79
198.98	1286.12
199.20	1214.45
199.42	1259.50
199.64	1222.64
199.85	1198.06
200.07	1196.01
200.29	1216.49
200.51	1226.73
200.72	1265.64
200.94	1222.64
201.16	1220.59
201.37	1267.69
201.59	1355.76
201.81	1355.76
202.03	1277.93
202.24	1306.60
202.46	1290.22
202.68	1300.46
202.90	1327.08
203.11	1187.82
203.33	1220.59
203.55	1204.21
203.77	1271.79
203.98	1245.16
204.20	1208.30
204.42	1267.69
204.63	1396.71
204.85	1277.93
205.07	1314.80
205.29	1279.98
205.50	1261.55
205.72	1179.63
205.94	1265.64
206.15	1243.12
206.37	1288.17
206.59	1198.06
206.81	1312.75
207.02	1308.65
207.24	1245.16
207.46	1179.63
207.67	1245.16
207.89	1206.25
208.11	1185.77
208.33	1183.73
208.54	1220.59
208.76	1193.97
208.98	1298.41
209.19	1355.76
209.41	1216.49
209.63	1228.78
209.85	1261.55
210.06	1247.21
210.28	1224.69
210.50	1230.83
210.71	1265.64
210.93	1228.78
211.15	1343.47
211.36	1216.49
211.58	1296.36
211.80	1265.64
212.02	1212.40
212.23	1220.59
212.45	1167.34
212.67	1224.69
212.88	1183.73
213.10	1239.02
213.32	1200.11
213.53	1294.32
213.75	1189.87
213.97	1261.55
214.18	1187.82
214.40	1282.03
214.62	1140.72
214.83	1253.36
215.05	1288.17
215.27	1314.80
215.48	1263.60
215.70	1337.32
215.92	1245.16
216.14	1327.08
216.35	1236.97
216.57	1169.39
216.79	1232.88
217.00	1294.32
217.22	1288.17
217.44	1275.88
217.65	1251.31
217.87	1208.30
218.09	1310.70
218.30	1222.64
218.52	1349.61
218.74	1312.75
218.95	1148.91
219.17	1312.75
219.39	1232.88
219.60	1286.12
219.82	1230.83
220.04	1220.59
220.25	1277.93
220.47	1214.45
220.69	1222.64
220.90	1286.12
221.12	1230.83
221.33	1292.27
221.55	1277.93
221.77	1279.98
221.98	1214.45
222.20	1228.78
222.42	1294.32
222.63	1228.78
222.85	1273.84
223.07	1167.34
223.28	1222.64
223.50	1234.93
223.72	1304.56
223.93	1234.93
224.15	1306.60
224.37	1279.98
224.58	1175.53
224.80	1196.01
225.01	1198.06
225.23	1320.94
225.45	1216.49
225.66	1216.49
225.88	1142.77
226.10	1335.28
226.31	1277.93
226.53	1292.27
226.75	1216.49
226.96	1261.55
227.18	1271.79
227.39	1228.78
227.61	1279.98
227.83	1241.07
228.04	1206.25
228.26	1302.51
228.48	1206.25
228.69	1345.52
228.91	1265.64
229.12	1290.22
229.34	1185.77
229.56	1210.35
229.77	1208.30
229.99	1290.22
230.21	1179.63
230.42	1241.07
230.64	1169.39
230.85	1286.12
231.07	1236.97
231.29	1314.80
231.50	1222.64
231.72	1183.73
231.93	1179.63
232.15	1191.92
232.37	1351.66
232.58	1316.84
232.80	1294.32
233.02	1286.12
233.23	1193.97
233.45	1216.49
233.66	1247.21
233.88	1308.65
234.10	1245.16
234.31	1343.47
234.53	1249.26
234.74	1296.36
234.96	1294.32
235.18	1253.36
235.39	1310.70
235.61	1243.12
235.82	1214.45
236.04	1187.82
236.25	1183.73
236.47	1243.12
236.69	1214.45
236.90	1236.97
237.12	1226.73
237.33	1206.25
237.55	1232.88
237.77	1318.89
237.98	1181.68
238.20	1234.93
238.41	1245.16
238.63	1353.71
238.85	1239.02
239.06	1277.93
239.28	1249.26
239.49	1314.80
239.71	1249.26
239.92	1196.01
240.14	1146.86
240.36	1245.16
240.57	1286.12
240.79	1292.27
241.00	1298.41
241.22	1298.41
241.43	1302.51
241.65	1269.74
241.87	1204.21
242.08	1306.60
242.30	1220.59
242.51	1277.93
242.73	1232.88
242.94	1292.27
243.16	1294.32
243.37	1159.15
243.59	1236.97
243.81	1181.68
244.02	1312.75
244.24	1261.55
244.45	1245.16
244.67	1236.97
244.88	1314.80
245.10	1208.30
245.31	1236.97
245.53	1269.74
245.75	1300.46
245.96	1325.04
246.18	1214.45
246.39	1325.04
246.61	1282.03
246.82	1253.36
247.04	1263.60
247.25	1140.72
247.47	1286.12
247.68	1218.54
247.90	1247.21
248.12	1259.50
248.33	1214.45
248.55	1353.71
248.76	1171.44
248.98	1284.08
249.19	1261.55
249.41	1269.74
249.62	1206.25
249.84	1236.97
250.05	1261.55
250.27	1208.30
250.48	1372.14
250.70	1286.12
250.92	1228.78
251.13	1261.55
251.35	1302.51
251.56	1322.99
251.78	1261.55
251.99	1206.25
252.21	1337.32
252.42	1267.69
252.64	1204.21
252.85	1236.97
253.07	1271.79
253.28	1267.69
253.50	1384.43
253.71	1187.82
253.93	1185.77
254.14	1247.21
254.36	1159.15
254.57	1269.74
254.79	1204.21
255.00	1189.87
255.22	1200.11
255.43	1220.59
255.65	1277.93
255.86	1279.98
256.08	1275.88
256.29	1267.69
256.51	1220.59
256.72	1269.74
256.94	1236.97
257.15	1271.79
257.37	1286.12
257.58	1349.61
257.80	1269.74
258.01	1208.30
258.23	1333.23
258.44	1310.70
258.66	1261.55
258.87	1286.12
259.09	1298.41
259.30	1286.12
259.52	1161.20
259.73	1239.02
259.95	1288.17
260.16	1312.75
260.38	1241.07
260.59	1253.36
260.81	1261.55
261.02	1245.16
261.24	1189.87
261.45	1275.88
261.67	1239.02
261.88	1249.26
262.10	1316.84
262.31	1320.94
262.53	1218.54
262.74	1234.93
262.96	1224.69
263.17	1355.76
263.38	1212.40
263.60	1220.59
263.81	1277.93
264.03	1261.55
264.24	1216.49
264.46	1284.08
264.67	1277.93
264.89	1282.03
265.10	1216.49
265.32	1271.79
265.53	1247.21
265.75	1296.36
265.96	1236.97
266.18	1288.17
266.39	1288.17
266.60	1155.05
266.82	1296.36
267.03	1228.78
267.25	1191.92
267.46	1269.74
267.68	1216.49
267.89	1191.92
268.11	1107.95
268.32	1275.88
268.54	1339.37
268.75	1263.60
268.96	1318.89
269.18	1294.32
269.39	1257.45
269.61	1298.41
269.82	1196.01
270.04	1234.93
270.25	1251.31
270.47	1306.60
270.68	1284.08
270.89	1282.03
271.11	1343.47
271.32	1353.71
271.54	1259.50
271.75	1253.36
271.97	1279.98
272.18	1198.06
272.39	1198.06
272.61	1226.73
272.82	1294.32
273.04	1286.12
273.25	1243.12
273.47	1310.70
273.68	1257.45
273.89	1288.17
274.11	1277.93
274.32	1265.64
274.54	1189.87
274.75	1247.21
274.97	1351.66
275.18	1163.25
275.39	1206.25
275.61	1279.98
275.82	1239.02
276.04	1245.16
276.25	1320.94
276.46	1228.78
276.68	1243.12
276.89	1210.35
277.11	1318.89
277.32	1273.84
277.54	1296.36
277.75	1292.27
277.96	1273.84
278.18	1191.92
278.39	1241.07
278.61	1187.82
278.82	1236.97
279.03	1302.51
279.25	1296.36
279.46	1329.13
279.68	1187.82
279.89	1288.17
280.10	1327.08
280.32	1335.28
280.53	1189.87
280.75	1261.55
280.96	1243.12
281.17	1302.51
281.39	1255.40
281.60	1275.88
281.81	1337.32
282.03	1132.53
282.24	1179.63
282.46	1279.98
282.67	1255.40
282.88	1241.07
283.10	1261.55
283.31	1286.12
283.53	1261.55
283.74	1300.46
283.95	1230.83
284.17	1279.98
284.38	1279.98
284.59	1181.68
284.81	1263.60
285.02	1214.45
285.24	1241.07
285.45	1214.45
285.66	1245.16
285.88	1179.63
286.09	1269.74
286.30	1308.65
286.52	1230.83
286.73	1179.63
286.94	1304.56
287.16	1261.55
287.37	1302.51
287.59	1318.89
287.80	1249.26
288.01	1204.21
288.23	1212.40
288.44	1458.15
288.65	1310.70
288.87	1273.84
289.08	1277.93
289.29	1300.46
289.51	1273.84
289.72	1241.07
289.93	1220.59
290.15	1337.32
290.36	1349.61
290.58	1312.75
290.79	1230.83
291.00	1236.97
291.22	1363.95
291.43	1210.35
291.64	1286.12
291.86	1351.66
292.07	1261.55
292.28	1165.29
292.50	1277.93
292.71	1279.98
292.92	1253.36
293.14	1239.02
293.35	1255.40
293.56	1226.73
293.78	1279.98
293.99	1284.08
294.20	1400.81
294.42	1325.04
294.63	1265.64
294.84	1318.89
295.06	1351.66
295.27	1275.88
295.48	1193.97
295.70	1294.32
295.91	1288.17
296.12	1320.94
296.34	1267.69
296.55	1359.85
296.76	1232.88
296.98	1271.79
297.19	1234.93
297.40	1388.52
297.61	1351.66
297.83	1290.22
298.04	1359.85
298.25	1228.78
298.47	1282.03
298.68	1306.60
298.89	1351.66
299.11	1300.46
299.32	1353.71
299.53	1318.89
299.75	1308.65
299.96	1247.21
300.17	1261.55
300.38	1325.04
300.60	1236.97
300.81	1304.56
301.02	1312.75
301.24	1282.03
301.45	1320.94
301.66	1396.71
301.88	1363.95
302.09	1284.08
302.30	1327.08
302.51	1333.23
302.73	1322.99
302.94	1290.22
303.15	1329.13
303.37	1415.15
303.58	1320.94
303.79	1398.76
304.00	1282.03
304.22	1458.15
304.43	1347.56
304.64	1425.39
304.86	1322.99
305.07	1368.04
305.28	1406.95
305.49	1370.09
305.71	1388.52
305.92	1433.58
306.13	1341.42
306.34	1298.41
306.56	1415.15
306.77	1355.76
306.98	1359.85
307.20	1351.66
307.41	1474.54
307.62	1355.76
307.83	1343.47
308.05	1396.71
308.26	1353.71
308.47	1458.15
308.68	1368.04
308.90	1415.15
309.11	1347.56
309.32	1345.52
309.53	1427.43
309.75	1370.09
309.96	1431.53
310.17	1486.83
310.38	1466.35
310.60	1443.82
310.81	1480.68
311.02	1372.14
311.23	1404.91
311.45	1480.68
311.66	1499.11
311.87	1443.82
312.08	1413.10
312.30	1454.06
312.51	1388.52
312.72	1490.92
312.93	1511.40
313.15	1458.15
313.36	1419.24
313.57	1472.49
313.78	1515.50
314.00	1437.67
314.21	1468.39
314.42	1505.26
314.63	1486.83
314.85	1607.66
315.06	1562.60
315.27	1433.58
315.48	1398.76
315.69	1449.96
315.91	1425.39
316.12	1587.18
316.33	1499.11
316.54	1505.26
316.76	1572.84
316.97	1556.46
317.18	1576.94
317.39	1613.80
317.60	1556.46
317.82	1511.40
318.03	1576.94
318.24	1556.46
318.45	1574.89
318.67	1554.41
318.88	1468.39
319.09	1490.92
319.30	1587.18
319.51	1591.27
319.73	1566.70
319.94	1703.91
320.15	1712.10
320.36	1589.22
320.57	1531.88
320.79	1619.94
321.00	1591.27
321.21	1691.62
321.42	1591.27
321.63	1617.90
321.85	1665.00
322.06	1601.51
322.27	1624.04
322.48	1679.33
322.69	1656.81
322.91	1638.38
323.12	1736.68
323.33	1654.76
323.54	1662.95
323.75	1597.42
323.97	1671.14
324.18	1755.11
324.39	1724.39
324.60	1695.72
324.81	1673.19
325.02	1615.85
325.24	1681.38
325.45	1691.62
325.66	1810.40
325.87	1708.01
326.08	1679.33
326.30	1681.38
326.51	1738.73
326.72	1755.11
326.93	1646.57
327.14	1882.08
327.35	1820.64
327.57	1777.64
327.78	1755.11
327.99	1650.66
328.20	1732.58
328.41	1759.21
328.62	1796.07
328.84	1748.97
329.05	1765.35
329.26	1736.68
329.47	1769.44
329.68	1671.14
329.89	1794.02
330.11	1834.98
330.32	1785.83
330.53	1826.79
330.74	1855.46
330.95	1875.94
331.16	1755.11
331.37	1906.66
331.59	1843.17
331.80	1902.56
332.01	1851.36
332.22	1869.80
332.43	1892.32
332.64	1820.64
332.86	1853.41
333.07	1964.00
333.28	1929.19
333.49	1931.23
333.70	1861.60
333.91	1826.79
334.12	1863.65
334.33	1837.03
334.55	1886.18
334.76	1964.00
334.97	2054.11
335.18	2002.91
335.39	1974.24
335.60	2039.78
335.81	2041.82
336.03	1851.36
336.24	1978.34
336.45	2056.16
336.66	2027.49
336.87	2113.50
337.08	2004.96
337.29	1923.04
337.50	2025.44
337.72	1998.82
337.93	2093.02
338.14	2025.44
338.35	2082.78
338.56	2140.13
338.77	2011.11
338.98	2097.12
339.19	2015.20
339.40	2041.82
339.62	2115.55
339.83	2156.51
340.04	2109.41
340.25	2121.70
340.46	2041.82
340.67	2082.78
340.88	2201.57
341.09	2097.12
341.30	2144.22
341.51	2181.09
341.73	2142.18
341.94	2170.85
342.15	2158.56
342.36	2115.55
342.57	2215.90
342.78	2244.57
342.99	2158.56
343.20	2056.16
343.41	2283.49
343.62	2236.38
343.84	2154.46
344.05	2090.98
344.26	2213.85
344.47	2281.44
344.68	2170.85
344.89	2281.44
345.10	2213.85
345.31	2125.79
345.52	2334.68
345.73	2312.16
345.94	2287.58
346.15	2422.75
346.37	2392.03
346.58	2273.25
346.79	2332.64
347.00	2383.84
347.21	2445.27
347.42	2398.17
347.63	2353.12
347.84	2367.45
348.05	2482.14
348.26	2338.78
348.47	2318.30
348.68	2449.37
348.89	2437.08
349.10	2392.03
349.31	2449.37
349.53	2410.46
349.74	2508.76
349.95	2471.90
350.16	2633.69
350.37	2549.72
350.58	2500.57
350.79	2514.91
351.00	2482.14
351.21	2537.43
351.42	2510.81
351.63	2576.34
351.84	2506.71
352.05	2688.98
352.26	2598.87
352.47	2533.34
352.68	2639.83
352.89	2584.54
353.10	2576.34
353.31	2613.21
353.52	3016.66
353.73	2629.59
353.95	2666.46
354.16	2727.89
354.37	2719.70
354.58	2781.14
354.79	2686.94
355.00	2713.56
355.21	2664.41
355.42	2666.46
355.63	2598.87
355.84	2676.70
356.05	2629.59
356.26	2822.10
356.47	2793.43
356.68	2779.09
356.89	2883.54
357.10	2701.27
357.31	2826.20
357.52	2770.90
357.73	2809.81
357.94	2883.54
358.15	2752.47
358.36	2813.91
358.57	2867.16
358.78	2846.68
358.99	3022.80
359.20	2918.36
359.41	2820.05
359.62	2910.16
359.83	3022.80
360.04	3020.75
360.25	3047.38
360.46	2949.08
360.67	3041.23
360.88	2981.84
361.09	2973.65
361.30	3024.85
361.51	3000.27
361.72	2944.98
361.93	3002.32
362.14	3016.66
362.35	3076.05
362.56	3137.49
362.77	3043.28
362.98	3133.39
363.19	3022.80
363.40	3039.19
363.61	3106.77
363.82	3053.52
364.03	3211.22
364.24	3178.45
364.45	3143.63
364.66	3340.24
364.87	3262.41
365.08	3231.69
365.29	3129.30
365.50	3254.22
365.71	3416.01
365.92	3235.79
366.13	3164.11
366.34	3387.34
366.55	3321.81
366.76	3422.16
366.97	3334.09
367.18	3418.06
367.39	3284.94
367.60	3309.52
367.81	3485.64
368.02	3487.69
368.23	3375.05
368.43	3571.66
368.64	3514.31
368.85	3452.88
369.06	3491.79
369.27	3534.79
369.48	3436.49
369.69	3416.01
369.90	3493.83
370.11	3682.25
370.32	3491.79
370.53	3485.64
370.74	3538.89
370.95	3768.26
371.16	3739.59
371.37	3661.77
371.58	3590.09
371.79	3788.74
372.00	3727.30
372.21	3694.54
372.42	3833.80
372.62	3598.28
372.83	3741.64
373.04	3837.89
373.25	3672.01
373.46	3868.61
373.67	3876.80
373.88	3962.82
374.09	3778.50
374.30	3911.62
374.51	3880.90
374.72	3786.69
374.93	3956.68
375.14	3899.33
375.35	3919.81
375.56	4124.61
375.76	4032.45
375.97	4085.70
376.18	3934.15
376.39	3862.47
376.60	4065.22
376.81	4188.10
377.02	4054.98
377.23	4155.33
377.44	4276.16
377.65	3979.20
377.86	4046.79
378.07	4169.66
378.27	4048.83
378.48	4126.66
378.69	4390.84
378.90	4186.05
379.11	4267.97
379.32	4190.14
379.53	4294.59
379.74	4114.37
379.95	4386.75
380.16	4263.87
380.36	4184.00
380.57	4470.72
380.78	4319.17
380.99	4423.61
381.20	4417.47
381.41	4263.87
381.62	4466.62
381.83	4464.57
382.04	4329.41
382.25	4425.66
382.45	4456.38
382.66	4263.87
382.87	4288.45
383.08	4462.52
383.29	4489.15
383.50	4495.29
383.71	4665.27
383.92	4538.30
384.12	4546.49
384.33	4499.39
384.54	4671.42
384.75	4693.94
384.96	4792.25
385.17	4603.83
385.38	4665.27
385.59	4581.31
385.79	4761.53
386.00	4730.81
386.21	4622.27
386.42	4810.68
386.63	4634.55
386.84	4685.75
387.05	4804.53
387.26	4618.17
387.46	4902.84
387.67	4835.25
387.88	4997.04
388.09	4863.93
388.30	4997.04
388.51	5054.39
388.72	5056.43
388.92	4939.70
389.13	4708.28
389.34	4851.64
389.55	5078.96
389.76	4937.65
389.97	5101.49
390.17	4831.16
390.38	5216.18
390.59	5214.13
390.80	5015.48
391.01	5242.80
391.22	5128.11
391.43	5324.72
391.63	5091.25
391.84	5150.64
392.05	5074.87
392.26	5185.46
392.47	5130.16
392.68	5210.03
392.88	5380.01
393.09	5283.76
393.30	5304.24
393.51	5158.83
393.72	5351.34
393.93	5502.89
394.13	5361.58
394.34	5226.42
394.55	5285.81
394.76	5480.36
394.97	5566.38
395.17	5447.60
395.38	5476.27
395.59	5599.15
395.80	5476.27
396.01	5511.08
396.22	5527.47
396.42	5472.17
396.63	5621.67
396.84	5711.78
397.05	5681.07
397.26	5793.70
397.46	5527.47
397.67	5676.97
397.88	5670.83
398.09	5556.14
398.30	5752.74
398.50	5703.59
398.71	5685.16
398.92	5810.09
399.13	5945.25
399.34	5834.66
399.54	5889.96
399.75	5697.45
399.96	6131.62
400.17	6053.80
400.38	5988.26
400.58	5955.49
400.79	5951.40
401.00	5797.80
401.21	5889.96
401.42	5851.05
401.62	6111.14
401.83	6135.71
402.04	5928.87
402.25	6113.19
402.45	6111.14
402.66	6037.41
402.87	6080.42
403.08	6375.33
403.29	6160.29
403.49	6178.72
403.70	6072.23
403.91	6248.35
404.12	6088.61
404.32	5996.45
404.53	6098.85
404.74	6168.48
404.95	6021.03
405.15	6631.32
405.36	6152.10
405.57	6199.20
405.78	6092.71
405.99	6367.13
406.19	6416.29
406.40	6281.12
406.61	6350.75
406.82	6428.57
407.02	6164.39
407.23	6244.26
407.44	6365.09
407.65	6467.49
407.85	6365.09
408.06	6301.60
408.27	6504.35
408.48	6414.24
408.68	6299.55
408.89	6274.98
409.10	6631.32
409.31	6600.60
409.51	6375.33
409.72	6260.64
409.93	6666.14
410.13	6590.36
410.34	6555.55
410.55	6606.75
410.76	6741.91
410.96	6383.52
411.17	6805.40
411.38	6651.80
411.59	6684.57
411.79	6741.91
412.00	6651.80
412.21	6606.75
412.42	6539.16
412.62	6637.47
412.83	6635.42
413.04	6786.97
413.24	6805.40
413.45	6571.93
413.66	6850.46
413.87	6987.67
414.07	6870.94
414.28	6893.46
414.49	6872.98
414.69	6918.04
414.90	6946.71
415.11	7081.88
415.32	6944.66
415.52	7065.49
415.73	7243.67
415.94	6932.37
416.14	7067.54
416.35	7077.78
416.56	6746.01
416.76	7085.97
416.97	7028.63
417.18	7034.77
417.39	7229.33
417.59	7061.40
417.80	7374.74
418.01	7219.09
418.21	7141.27
418.42	7329.68
418.63	7421.84
418.83	7221.14
419.04	7446.41
419.25	7079.83
419.45	7313.30
419.66	7305.10
419.87	7331.73
420.08	7335.82
420.28	7350.16
420.49	7640.97
420.70	7360.40
420.90	7651.21
421.11	7364.50
421.32	7649.16
421.52	7380.88
421.73	7493.52
421.94	7493.52
422.14	7882.63
422.35	7737.23
422.56	7458.70
422.76	7815.05
422.97	7593.87
423.18	7765.90
423.38	7999.37
423.59	7942.02
423.80	7909.26
424.00	7985.03
424.21	7800.71
424.42	7913.35
424.62	7724.94
424.83	7954.31
425.04	7909.26
425.24	8009.61
425.45	7872.39
425.65	8120.20
425.86	8003.46
426.07	8052.61
426.27	8279.94
426.48	8030.09
426.69	8333.18
426.89	8265.60
427.10	8380.29
427.31	8339.33
427.51	8241.03
427.72	8277.89
427.93	8210.31
428.13	8324.99
428.34	8384.38
428.54	8085.38
428.75	8503.17
428.96	8454.02
429.16	8679.29
429.37	8347.52
429.58	8482.69
429.78	8615.80
429.99	8503.17
430.19	8658.81
430.40	8230.79
430.61	8488.83
430.81	8355.71
431.02	8540.03
431.23	8587.13
431.43	8521.60
431.64	8456.06
431.84	8675.20
432.05	8492.93
432.26	8877.94
432.46	8710.01
432.67	8802.17
432.87	8693.63
433.08	8808.31
433.29	9150.32
433.49	8609.66
433.70	8695.68
433.91	9060.21
434.11	8734.59
434.32	9183.09
434.52	8970.10
434.73	8896.38
434.94	9023.35
435.14	9312.11
435.35	9158.52
435.55	9398.13
435.76	9269.11
435.96	9258.87
436.17	9107.32
436.38	9111.41
436.58	9201.52
436.79	9148.28
436.99	9168.76
437.20	9293.68
437.41	9293.68
437.61	9314.16
437.82	9314.16
438.02	9355.12
438.23	9903.98
438.43	9432.94
438.64	9510.77
438.85	9391.98
439.05	9805.67
439.26	9521.01
439.46	9496.43
439.67	9629.55
439.87	9811.82
440.08	9430.90
440.29	9484.14
440.49	10006.38
440.70	9637.74
440.90	9709.42
441.11	9985.90
441.31	10000.23
441.52	9324.40
441.73	9791.34
441.93	9805.67
442.14	10024.81
442.34	9742.19
442.55	9766.76
442.75	10164.07
442.96	9998.18
443.16	9834.35
443.37	10168.16
443.58	9901.93
443.78	10461.02
443.99	10397.54
444.19	10278.76
444.40	10291.04
444.60	10233.70
444.81	10239.84
445.01	10348.39
445.22	10317.67
445.42	10514.27
445.63	10358.63
445.83	10336.10
446.04	10684.25
446.25	10370.91
446.45	10321.76
446.66	10301.28
446.86	10510.18
447.07	10547.04
447.27	10635.10
447.48	10723.16
447.68	10555.23
447.89	10647.39
448.09	10461.02
448.30	11069.27
448.50	10577.76
448.71	10774.36
448.91	10583.90
449.12	10915.67
449.32	11036.50
449.53	11052.89
449.73	11159.38
449.94	10948.44
450.14	11071.32
450.35	10608.48
450.55	11089.75
450.76	10891.10
450.96	11056.98
451.17	10878.81
451.37	10966.87
451.58	11099.99
451.78	11050.84
451.99	11362.13
452.19	10973.02
452.40	11538.26
452.60	11177.81
452.81	11353.94
453.01	11435.86
453.22	11364.18
453.42	11431.76
453.63	11317.08
453.83	11118.42
454.04	11624.27
454.24	11335.51
454.45	11999.05
454.65	11888.46
454.86	11611.98
455.06	11968.33
455.27	11654.99
455.47	11894.60
455.68	11896.65
455.88	11761.48
456.09	11804.49
456.29	11927.37
456.50	12132.17
456.70	11546.45
456.91	11939.66
457.11	12025.67
457.31	12263.24
457.52	11972.43
457.72	12205.89
457.93	12472.13
458.13	12205.89
458.34	12105.54
458.54	12742.46
458.75	12486.47
458.95	12406.59
459.16	12488.51
459.36	12789.56
459.56	12552.00
459.77	12937.02
459.97	12693.31
460.18	12873.53
460.38	12779.32
460.59	12615.49
460.79	12846.91
461.00	12740.41
461.20	12961.59
461.41	12959.55
461.61	13035.32
461.81	13162.30
462.02	12607.30
462.22	13483.83
462.43	13307.70
462.63	13193.01
462.84	13481.78
463.04	13541.17
463.24	13500.21
463.45	13420.34
463.65	13274.93
463.86	13635.38
464.06	14004.01
464.27	13745.97
464.47	14133.03
464.67	13668.14
464.88	13821.74
465.08	13934.38
465.29	13995.82
465.49	14221.10
465.70	14368.55
465.90	14229.29
466.10	14169.90
466.31	14610.21
466.51	14456.61
466.72	14790.43
466.92	14624.54
467.12	14386.98
467.33	14645.02
467.53	14919.45
467.74	14516.00
467.94	14726.94
468.14	15206.17
468.35	15050.52
468.55	15148.82
468.76	15261.46
468.96	15343.38
469.16	15519.51
469.37	15189.78
469.57	15736.59
469.78	15339.29
469.98	15802.13
470.18	16035.60
470.39	15662.86
470.59	16076.55
470.80	16248.58
471.00	16441.09
471.20	16146.19
471.41	16584.45
471.61	16400.13
471.81	16506.63
472.02	16480.00
472.22	16494.34
472.43	16459.52
472.63	16969.47
472.83	16760.58
473.04	16754.43
473.24	17131.26
473.44	17252.09
473.65	17303.29
473.85	17225.47
474.06	17626.87
474.26	17506.04
474.46	17481.46
474.67	17452.79
474.87	17694.45
475.07	17112.83
475.28	18241.26
475.48	17829.62
475.68	17686.26
475.89	18513.64
476.09	18212.59
476.29	17612.53
476.50	17991.41
476.70	19140.32
476.91	18708.19
477.11	18360.04
477.31	18564.84
477.52	18630.37
477.72	19125.98
477.92	18740.96
478.13	19465.94
478.33	19146.46
478.53	19443.42
478.74	19789.52
478.94	20152.01
479.14	19678.93
479.35	19744.47
479.55	20047.57
479.75	20336.33
479.96	20176.59
480.16	20377.29
480.36	20317.90
480.57	20561.61
480.77	20547.27
480.97	20932.29
481.18	20692.68
481.38	21135.04
481.58	20874.95
481.79	20444.87
481.99	21540.54
482.19	21204.67
482.39	21726.90
482.60	21315.26
482.80	22337.20
483.00	22361.77
483.21	21765.81
483.41	21749.43
483.61	22001.33
483.82	22189.74
484.02	22101.68
484.22	22449.83
484.43	22412.97
484.63	22867.62
484.83	23148.19
485.03	22986.40
485.24	22769.32
485.44	22675.11
485.64	23629.46
485.85	23357.08
486.05	23473.82
486.25	23549.59
486.46	23744.15
486.66	24155.79
486.86	23547.54
487.06	24170.13
487.27	24096.40
487.47	24460.94
487.67	24741.51
487.88	24342.16
488.08	24362.64
488.28	24114.83
488.48	24465.03
488.69	24921.73
488.89	24999.55
489.09	25255.55
489.29	24671.88
489.50	25427.58
489.70	24714.89
489.90	25714.30
490.11	25183.87
490.31	25734.78
490.51	25951.86
490.71	26074.74
490.92	25742.97
491.12	26355.31
491.32	25798.26
491.52	26076.79
491.73	26371.69
491.93	26044.02
492.13	26142.32
492.33	26898.02
492.54	26541.68
492.74	26742.38
492.94	26697.32
493.14	27037.28
493.35	27455.07
493.55	27151.97
493.75	27162.21
493.95	26889.83
494.16	27559.52
494.36	27743.83
494.56	27422.30
494.76	27786.84
494.97	27248.22
495.17	27680.35
495.37	28255.82
495.57	28077.65
495.78	27696.73
495.98	28249.68
496.18	28032.60
496.38	28511.82
496.58	28083.80
496.79	28665.42
496.99	27973.21
497.19	28225.11
497.39	28554.83
497.60	29052.48
497.80	28925.51
498.00	28554.83
498.20	28509.77
498.40	28622.41
498.61	28937.80
498.81	28771.91
499.01	28892.74
499.21	29036.10
499.41	29075.01
499.62	29576.76
499.82	29050.44
500.02	29066.82
500.22	29077.06
500.43	28974.66
500.63	29472.32
500.83	29668.92
501.03	29705.79
501.23	29720.12
501.44	29797.95
501.64	29666.88
501.84	29163.08
502.04	30113.33
502.24	30162.48
502.44	29787.71
502.65	30080.56
502.85	30080.56
503.05	29945.40
503.25	30258.74
503.45	30172.72
503.66	29945.40
503.86	29496.89
504.06	30144.05
504.26	29992.50
504.46	30621.23
504.66	29759.03
504.87	30447.15
505.07	30539.31
505.27	30881.32
505.47	31088.17
505.67	30072.37
505.88	30539.31
506.08	30545.45
506.28	30647.85
506.48	30770.73
506.68	30840.36
506.88	30670.38
507.08	31082.02
507.29	31018.53
507.49	31186.47
507.69	31419.94
507.89	31444.51
508.09	31333.92
508.29	31440.42
508.50	31385.12
508.70	31131.17
508.90	31454.75
509.10	31714.84
509.30	31895.07
509.50	31325.73
509.70	31784.48
509.91	32357.91
510.11	32228.88
510.31	32226.84
510.51	32257.56
510.71	31530.53
510.91	32564.75
511.11	32779.79
511.32	32464.40
511.52	32609.81
511.72	32771.60
511.92	32839.18
512.12	32341.52
512.32	33066.50
512.52	33175.05
512.72	32738.83
512.93	33101.32
513.13	32970.25
513.33	33279.49
513.53	33474.05
513.73	33601.02
513.93	33334.79
514.13	33619.46
514.33	33394.18
514.54	33656.32
514.74	33523.20
514.94	34055.67
515.14	34049.53
515.34	33611.26
515.54	34907.63
515.74	34039.29
515.94	34446.83
516.14	34635.25
516.35	34844.14
516.55	34801.13
516.75	34596.34
516.95	34610.67
517.15	34975.21
517.35	35821.02
517.55	34983.40
517.75	34903.53
517.95	34625.01
518.15	35495.39
518.35	35315.17
518.56	36017.63
518.76	35446.24
518.96	35632.61
519.16	36187.61
519.36	35778.01
519.56	36095.45
519.76	36111.83
519.96	35900.89
520.16	37039.56
520.36	36384.21
520.56	36722.13
520.76	36466.13
520.97	36607.44
521.17	36892.11
521.37	36941.26
521.57	36842.96
521.77	36056.54
521.97	36920.78
522.17	37541.32
522.37	36574.67
522.57	37135.82
522.77	36582.87
522.97	37004.75
523.17	37162.44
523.37	37047.75
523.57	37092.81
523.77	37977.53
523.97	36849.10
524.17	37385.67
524.38	37047.75
524.58	37934.53
524.78	37049.80
524.98	37717.44
525.18	37080.52
525.38	38018.49
525.58	37363.14
525.78	37754.30
525.98	37891.52
526.18	37623.23
526.38	37705.15
526.58	37895.61
526.78	37637.57
526.98	37391.81
527.18	37266.89
527.38	37586.37
527.58	37715.39
527.78	37709.25
527.98	37287.37
528.18	37596.61
528.38	38454.71
528.58	37440.96
528.78	37113.29
528.98	38004.16
529.18	37432.77
529.38	37764.54
529.58	37498.31
529.78	38186.43
529.98	37307.85
530.18	37854.65
530.38	37803.46
530.58	37909.95
530.78	36922.83
530.98	37692.86
531.18	37533.12
531.38	37318.09
531.58	37871.04
531.78	38100.41
531.98	37158.34
532.18	37416.39
532.38	37234.12
532.58	37264.84
532.78	37420.48
532.98	36646.35
533.18	36916.68
533.38	37608.90
533.58	37744.06
533.78	36681.17
533.98	37236.17
534.18	37631.43
534.38	37301.70
534.58	37299.65
534.78	36433.36
534.98	37127.63
535.18	37447.11
535.38	37039.56
535.58	36523.47
535.78	37156.30
535.98	37289.42
536.18	36947.40
536.38	37377.48
536.58	36654.54
536.78	37209.54
536.98	37156.30
537.18	37057.99
537.38	37354.95
537.58	37387.72
537.78	36447.70
537.98	37684.67
538.18	36939.21
538.38	36660.69
538.58	37275.08
538.78	37019.08
538.98	36683.22
539.18	37588.42
539.38	37021.13
539.58	37418.44
539.77	36873.68
539.97	36652.50
540.17	37340.61
540.37	37332.42
540.57	36849.10
540.77	37223.88
540.97	37522.88
541.17	37227.98
541.37	37240.26
541.57	37225.93
541.77	36867.53
541.97	36816.33
542.17	36845.01
542.37	37262.79
542.57	36976.08
542.77	37221.83
542.96	36220.38
543.16	37447.11
543.36	37309.89
543.56	36933.07
543.76	37113.29
543.96	37060.04
544.16	37148.11
544.36	37379.53
544.56	37176.78
544.76	36687.31
544.96	37103.05
545.16	36928.97
545.35	37039.56
545.55	36009.43
545.75	37113.29
545.95	36589.01
546.15	37428.68
546.35	37201.35
546.55	37121.48
546.75	36984.27
546.95	37756.35
547.15	37303.75
547.35	37039.56
547.54	37559.75
547.74	37445.06
547.94	36654.54
548.14	37617.09
548.34	37438.92
548.54	37160.39
548.74	37156.30
548.94	38256.06
549.14	37053.90
549.33	36802.00
549.53	37619.14
549.73	37545.41
549.93	37504.45
550.13	37465.54
550.33	37555.65
550.53	37342.66
550.73	37344.71
550.92	37526.98
551.12	37137.87
551.32	37866.94
551.52	36998.60
551.72	36969.93
551.92	37062.09
552.12	37316.04
552.32	37014.99
552.51	37684.67
552.71	37547.46
552.91	37508.55
553.11	37543.36
553.31	37440.96
553.51	37371.33
553.71	37688.77
553.90	37737.92
554.10	37197.26
554.30	37699.01
554.50	38063.55
554.70	37246.41
554.90	37350.85
555.10	37273.03
555.29	37578.18
555.49	37678.53
555.69	38540.72
555.89	38022.59
556.09	37529.03
556.29	37574.08
556.48	37721.54
556.68	37746.11
556.88	37873.09
557.08	37533.12
557.28	37840.32
557.48	37744.06
557.67	37184.97
557.87	37971.39
558.07	37764.54
558.27	37180.87
558.47	37279.18
558.67	37520.84
558.86	37612.99
559.06	37766.59
559.26	37653.95
559.46	37463.49
559.66	38514.10
559.85	37402.05
560.05	37135.82
560.25	37588.42
560.45	38821.30
560.65	37330.37
560.84	38841.78
561.04	38069.69
561.24	38088.12
561.44	37989.82
561.64	37727.68
561.83	38673.84
562.03	37942.72
562.23	37078.47
562.43	37983.68
562.63	37922.24
562.82	38229.43
563.02	37430.72
563.22	38022.59
563.42	37713.34
563.62	37780.93
563.81	37582.27
564.01	37924.29
564.21	37422.53
564.41	37273.03
564.61	38350.26
564.80	37838.27
565.00	38366.65
565.20	37025.23
565.40	37746.11
565.59	39069.10
565.79	37506.50
565.99	38143.42
566.19	38061.50
566.39	38112.70
566.58	38141.37
566.78	38487.48
566.98	38282.68
567.18	37309.89
567.37	37879.23
567.57	38354.36
567.77	37795.26
567.97	38323.64
568.16	38268.34
568.36	38305.21
568.56	37713.34
568.76	37871.04
568.95	38626.74
569.15	38940.08
569.35	38010.30
569.55	38325.69
569.74	38409.65
569.94	37930.43
570.14	39056.81
570.34	39048.62
570.53	38188.47
570.73	38155.71
570.93	38118.84
571.13	38757.81
571.32	38231.48
571.52	38043.07
571.72	38581.68
571.92	38550.96
572.11	38559.16
572.31	37012.94
572.51	38397.37
572.70	38587.83
572.90	38114.75
573.10	38153.66
573.30	38608.31
573.49	38071.74
573.69	38553.01
573.89	38421.94
574.08	38931.89
574.28	38864.30
574.48	38536.63
574.68	38548.92
574.87	38518.20
575.07	38258.10
575.27	37924.29
575.46	38792.62
575.66	38485.43
575.86	38385.08
576.06	38843.82
576.25	38194.62
576.45	38294.97
576.65	38536.63
576.84	38254.01
577.04	38684.08
577.24	38084.03
577.43	38165.95
577.63	39034.28
577.83	38499.76
578.02	38524.34
578.22	38747.57
578.42	38745.52
578.62	38606.26
578.81	38800.82
579.01	38413.75
579.21	38514.10
579.40	39224.75
579.60	38374.84
579.80	38186.43
579.99	38348.21
580.19	38421.94
580.39	38661.55
580.58	38909.36
580.78	39275.94
580.98	38444.47
581.17	38438.33
581.37	38471.09
581.57	38860.21
581.76	38440.37
581.96	38100.41
582.16	38772.14
582.35	38104.51
582.55	38970.80
582.75	38770.10
582.94	39232.94
583.14	38479.28
583.34	38241.72
583.53	39067.05
583.73	38880.69
583.92	38231.48
584.12	38530.48
584.32	39368.10
584.51	38788.53
584.71	38575.54
584.91	39257.51
585.10	39026.09
585.30	38772.14
585.50	38702.51
585.69	38542.77
585.89	38880.69
586.09	38935.98
586.28	38757.81
586.48	38507.96
586.67	38311.35
586.87	39134.63
587.07	38862.26
587.26	38958.51
587.46	37942.72
587.66	39040.43
587.85	38645.17
588.05	38772.14
588.24	38245.82
588.44	38882.73
588.64	38456.76
588.83	38671.79
589.03	39075.24
589.22	38450.61
589.42	38460.85
589.62	38905.26
589.81	38485.43
590.01	37842.37
590.20	38958.51
590.40	37656.00
590.60	38307.26
590.79	38757.81
590.99	38770.10
591.18	38438.33
591.38	37963.20
591.58	38854.06
591.77	38602.16
591.97	38669.75
592.16	38974.89
592.36	38954.41
592.56	38307.26
592.75	38245.82
592.95	37395.91
593.14	39069.10
593.34	38075.84
593.53	38643.12
593.73	38843.82
593.93	38606.26
594.12	38127.03
594.32	38276.54
594.51	38825.39
594.71	39116.20
594.91	38428.09
595.10	38960.56
595.30	38514.10
595.49	38686.13
595.69	38991.28
595.88	38770.10
596.08	38989.23
596.27	38970.80
596.47	38438.33
596.67	38036.92
596.86	39011.76
597.06	38931.89
597.25	38385.08
597.45	38806.96
597.64	38327.74
597.84	38460.85
598.03	38022.59
598.23	38718.90
598.43	38143.42
598.62	38602.16
598.82	37934.53
599.01	38297.02
599.21	38413.75
599.40	38538.68
599.60	38903.21
599.79	38114.75
599.99	38106.55
600.18	38534.58
600.38	37817.79
600.57	38352.31
600.77	38026.68
600.96	38604.21
601.16	38122.94
601.36	38211.00
601.55	37952.96
601.75	37963.20
601.94	38165.95
602.14	38364.60
602.33	37885.37
602.53	38016.44
602.72	37950.91
602.92	38264.25
603.11	37635.52
603.31	38174.14
603.50	37383.62
603.70	39017.90
603.89	37440.96
604.09	37948.86
604.28	37637.57
604.48	38256.06
604.67	37621.19
604.87	38038.97
605.06	37885.37
605.26	37553.60
605.45	38012.35
605.65	38618.55
605.84	37791.17
606.04	37887.42
606.23	38081.98
606.43	37856.70
606.62	37680.58
606.82	38534.58
607.01	37762.50
607.21	38307.26
607.40	37375.43
607.59	38202.81
607.79	38225.34
607.98	38231.48
608.18	37459.40
608.37	38473.14
608.57	38090.17
608.76	38118.84
608.96	38409.65
609.15	37936.57
609.35	37836.22
609.54	37842.37
609.74	38614.45
609.93	38098.36
610.13	37844.41
610.32	38544.82
610.51	38344.12
610.71	38266.30
610.90	38178.23
611.10	38725.04
611.29	38073.79
611.49	38483.38
611.68	38018.49
611.88	39146.92
612.07	38673.84
612.27	38653.36
612.46	38495.67
612.65	38972.85
612.85	38178.23
613.04	38876.59
613.24	38966.70
613.43	38407.61
613.63	38456.76
613.82	38929.84
614.01	38747.57
614.21	39615.91
614.40	38657.46
614.60	39642.53
614.79	38911.41
614.99	39540.13
615.18	39001.52
615.37	39579.04
615.57	39095.72
615.76	40027.55
615.96	39589.28
616.15	39058.86
616.35	39464.36
616.54	39951.77
616.73	40144.28
616.93	39585.19
617.12	38970.80
617.32	40310.17
617.51	40275.35
617.70	39808.42
617.90	40215.96
618.09	41119.12
618.29	40301.98
618.48	40512.92
618.67	40461.72
618.87	40715.67
619.06	40254.87
619.26	41123.21
619.45	41006.48
619.64	40412.57
619.84	40899.98
620.03	41072.01
620.22	41307.53
620.42	40740.24
620.61	40426.90
620.81	41295.24
621.00	40441.24
621.19	41201.04
621.39	40330.65
621.58	39896.48
621.78	40463.77
621.97	40994.19
622.16	39896.48
622.36	40932.75
622.55	40050.08
622.74	40469.91
622.94	40291.74
623.13	40209.82
623.32	40230.30
623.52	40392.09
623.71	40838.54
623.91	40719.76
624.10	40641.94
624.29	40914.32
624.49	40785.30
624.68	40490.39
624.87	39675.30
625.07	40662.42
625.26	40021.41
625.45	40764.82
625.65	40119.71
625.84	40795.54
626.03	39658.91
626.23	40197.53
626.42	39658.91
626.61	39763.36
626.81	40279.45
627.00	39892.38
627.19	39206.31
627.39	40463.77
627.58	39804.32
627.77	39329.19
627.97	39824.80
628.16	39847.33
628.35	39648.68
628.55	39511.46
628.74	39738.79
628.93	39286.18
629.13	39083.44
629.32	39419.30
629.51	39378.34
629.71	39906.72
629.90	38700.47
630.09	39050.67
630.29	38665.65
630.48	39472.55
630.67	38387.13
630.86	39151.02
631.06	38839.73
631.25	38241.72
631.44	38507.96
631.64	39081.39
631.83	38612.40
632.02	38677.94
632.22	38952.37
632.41	38542.77
632.60	38094.27
632.79	38415.80
632.99	38526.39
633.18	38206.90
633.37	37719.49
633.57	38679.99
633.76	36496.85
633.95	38432.18
634.14	37879.23
634.34	38442.42
634.53	38151.61
634.72	38532.53
634.92	37078.47
635.11	38053.31
635.30	37400.01
635.49	37993.92
635.69	37793.22
635.88	37938.62
636.07	37348.81
636.26	38047.16
636.46	37985.72
636.65	37805.50
636.84	37723.58
637.03	37498.31
637.23	37172.68
637.42	38051.26
637.61	37438.92
637.80	37502.40
638.00	38049.21
638.19	37168.58
638.38	37703.10
638.57	37483.97
638.77	37428.68
638.96	37457.35
639.15	37170.63
639.34	37901.76
639.54	36861.39
639.73	37242.31
639.92	36777.42
640.11	37029.32
640.31	36838.86
640.50	36943.31
640.69	36464.08
640.88	37092.81
641.08	37004.75
641.27	36836.81
641.46	37182.92
641.65	36871.63
641.84	36568.53
642.04	36879.82
642.23	36085.21
642.42	37113.29
642.61	37072.33
642.81	36371.92
643.00	36550.10
643.19	36574.67
643.38	36709.84
643.57	36810.19
643.77	36218.33
643.96	36728.27
644.15	36013.53
644.34	36400.60
644.53	36232.66
644.73	35841.50
644.92	36242.90
645.11	36582.87
645.30	35904.99
645.49	36455.89
645.69	35573.22
645.88	36005.34
646.07	36535.76
646.26	36412.88
646.45	36470.23
646.65	36376.02
646.84	35651.04
647.03	36582.87
647.22	35929.56
647.41	36298.20
647.60	35818.97
647.80	36896.20
647.99	36158.94
648.18	36408.79
648.37	36101.59
648.56	36154.84
648.75	36074.97
648.95	35909.08
649.14	35345.89
649.33	35911.13
649.52	35556.83
649.71	36240.86
649.90	34840.04
650.10	35845.60
650.29	35356.13
650.48	36027.87
650.67	35673.57
650.86	36136.41
651.05	35673.57
651.25	35657.18
651.44	35341.80
651.63	35636.70
651.82	35913.18
652.01	35874.27
652.20	35290.60
652.39	35513.83
652.59	35163.62
652.78	36027.87
652.97	35014.12
653.16	35220.97
653.35	35560.93
653.54	35186.15
653.73	34872.81
653.93	35282.41
654.12	34924.01
654.31	34792.94
654.50	34997.74
654.69	35218.92
654.88	34135.54
655.07	34995.69
655.26	34348.53
655.45	35223.01
655.65	34786.80
655.84	35329.51
656.03	35134.95
656.22	35186.15
656.41	34377.20
656.60	35071.46
656.79	34698.73
656.98	34698.73
657.17	34221.56
657.37	35319.27
657.56	34672.11
657.75	34424.31
657.94	35042.79
658.13	34575.86
658.32	34424.31
658.51	34682.35
658.70	34285.04
658.89	34459.12
659.08	34303.48
659.28	34571.76
659.47	33787.39
659.66	34387.44
659.85	34727.41
660.04	33869.31
660.23	34350.58
660.42	34508.27
660.61	34024.95
660.80	34364.92
660.99	33713.66
661.18	34389.49
661.37	34121.21
661.56	33885.69
661.76	34291.19
661.95	34272.76
662.14	33451.52
662.33	34080.25
662.52	34149.88
662.71	33955.32
662.90	33060.36
663.09	33869.31
663.28	33285.64
663.47	33658.37
663.66	33603.07
663.85	33756.67
664.04	33768.96
664.23	34338.29
664.42	33775.10
664.61	33865.21
664.80	33879.55
664.99	34659.82
665.19	33551.87
665.38	33713.66
665.57	33500.67
665.76	33979.90
665.95	33486.34
666.14	33531.39
666.33	33529.34
666.52	33928.70
666.71	33101.32
666.90	33519.10
667.09	33267.20
667.28	33183.24
667.47	33191.43
667.66	33013.26
667.85	32931.34
668.04	33588.74
668.23	32960.01
668.42	33418.75
668.61	33062.41
668.80	33213.96
668.99	32554.51
669.18	32927.24
669.37	32689.68
669.56	33400.32
669.75	32849.42
669.94	33365.51
670.13	32488.98
670.32	33023.50
670.51	32562.70
670.70	33080.84
670.89	32560.66
671.08	32499.22
671.27	33072.65
671.46	32630.29
671.65	32402.96
671.84	33234.44
672.03	32792.08
672.22	32521.74
672.41	32589.33
672.60	32574.99
672.79	32341.52
672.98	32472.59
673.17	32443.92
673.36	32642.57
673.55	31868.44
673.74	32618.00
673.93	32677.39
674.12	32306.71
674.31	32736.78
674.50	32806.41
674.69	32747.02
674.88	33021.45
675.07	32271.89
675.26	33230.34
675.45	31776.28
675.64	33144.33
675.82	32974.34
676.01	32896.52
676.20	32630.29
676.39	33089.03
676.58	32570.90
676.77	33234.44
676.96	32394.77
677.15	32878.09
677.34	32828.94
677.53	32873.99
677.72	32427.54
677.91	32953.87
678.10	32722.44
678.29	32189.97
678.48	32710.16
678.67	33052.17
678.86	32712.20
679.05	33005.06
679.23	31987.22
679.42	32716.30
679.61	32357.91
679.80	33199.62
679.99	32134.68
680.18	32669.20
680.37	32495.12
680.56	32847.37
680.75	32429.59
680.94	33052.17
681.13	32083.48
681.32	33099.27
681.51	32816.65
681.69	33119.75
681.88	32642.57
682.07	32482.83
682.26	32462.35
682.45	32370.19
682.64	32081.43
682.83	32495.12
683.02	32878.09
683.21	32962.06
683.40	31845.91
683.58	33279.49
683.77	32040.47
683.96	32368.15
684.15	32402.96
684.34	32392.72
684.53	32275.99
684.72	32153.11
684.91	32149.01
685.10	32507.41
685.28	31786.52
685.47	32261.65
685.66	32106.01
685.85	32464.40
686.04	31905.31
686.23	32251.41
686.42	31819.29
686.61	32292.37
686.79	31952.41
686.98	32425.49
687.17	32120.34
687.36	32267.80
687.55	32273.94
687.74	32095.77
687.93	31897.11
688.11	32474.64
688.30	31702.56
688.49	32460.30
688.68	32458.26
688.87	32245.27
689.06	32237.08
689.25	32142.87
689.43	32106.01
689.62	32200.21
689.81	32085.53
690.00	32239.12
690.19	31909.40
690.38	32554.51
690.56	31772.19
690.75	32124.44
690.94	32011.80
691.13	32523.79
691.32	31753.76
691.51	32431.63
691.69	32153.11
691.88	31884.83
692.07	31594.01
692.26	32935.43
692.45	31940.12
692.64	32775.69
692.82	32267.80
693.01	32728.59
693.20	32980.49
693.39	32282.13
693.58	32007.70
693.77	32697.87
693.95	32689.68
694.14	32699.92
694.33	32093.72
694.52	31931.93
694.71	32345.62
694.89	32568.85
695.08	32212.50
695.27	32902.67
695.46	32362.00
695.65	32323.09
695.83	31925.78
696.02	33056.26
696.21	32212.50
696.40	32511.50
696.59	31993.37
696.77	32548.37
696.96	32028.18
697.15	32347.67
697.34	32022.04
697.52	32448.02
697.71	31905.31
697.90	32501.26
698.09	32251.41
698.28	32478.74
698.46	32402.96
698.65	32757.26
698.84	31663.64
699.03	32278.04
699.21	32290.32
699.40	32071.19
699.59	31944.22
699.78	32099.86
699.96	32046.62
700.15	32396.82
700.34	32480.78
700.53	32124.44
700.72	31264.29
700.90	32368.15
701.09	31856.15
701.28	32214.55
701.47	32169.49
701.65	32052.76
701.84	31872.54
702.03	31761.95
702.21	31907.35
702.40	32671.25
702.59	32005.66
702.78	32554.51
702.96	31546.91
703.15	31866.39
703.34	32189.97
703.53	32456.21
703.71	31557.15
703.90	32331.28
704.09	32843.27
704.28	32722.44
704.46	32161.30
704.65	32069.14
704.84	31993.37
705.02	32296.47
705.21	32183.83
705.40	32558.61
705.59	32065.05
705.77	32222.74
705.96	32284.18
706.15	32699.92
706.33	31802.91
706.52	32726.54
706.71	32265.75
706.90	32509.46
707.08	31880.73
707.27	32574.99
707.46	32099.86
707.64	32337.43
707.83	31747.61
708.02	32738.83
708.20	32005.66
708.39	32298.52
708.58	32267.80
708.77	32466.45
708.95	32226.84
709.14	32941.58
709.33	31665.69
709.51	32284.18
709.70	32245.27
709.89	32507.41
710.07	32364.05
710.26	32431.63
710.45	32036.38
710.63	32323.09
710.82	32472.59
711.01	31938.07
711.19	32357.91
711.38	32071.19
711.57	31776.28
711.75	32269.84
711.94	32202.26
712.13	32503.31
712.31	32552.46
712.50	32538.13
712.69	32114.20
712.87	32556.56
713.06	31815.19
713.25	32724.49
713.43	31886.87
713.62	32435.73
713.81	31856.15
713.99	32302.61
714.18	31227.43
714.36	32669.20
714.55	31680.03
714.74	32531.98
714.92	31399.46
715.11	32466.45
715.30	31514.14
715.48	31974.94
715.67	31850.01
715.86	31915.54
716.04	32136.73
716.23	32312.85
716.41	31587.87
716.60	31512.10
716.79	31497.76
716.97	31960.60
717.16	31884.83
717.35	31919.64
717.53	31888.92
717.72	31860.25
717.90	31143.46
718.09	31358.50
718.28	31358.50
718.46	31551.01
718.65	31335.97
718.83	31440.42
719.02	31618.59
719.21	31157.80
719.39	31399.46
719.58	31905.31
719.76	30998.06
719.95	31280.67
720.14	31215.14
720.32	31245.86
720.51	30848.55
720.69	31917.59
720.88	31356.45
721.07	31800.86
721.25	30422.58
721.44	31706.65
721.62	31077.93
721.81	31241.76
721.99	30598.70
722.18	30948.90
722.37	30768.68
722.55	31675.93
722.74	30647.85
722.92	31165.99
723.11	31186.47
723.29	31295.01
723.48	31526.43
723.67	30807.59
723.85	31034.92
724.04	31401.50
724.22	30684.72
724.41	32009.75
724.59	30754.35
724.78	31118.89
724.96	30727.72
725.15	31186.47
725.34	30711.34
725.52	30977.58
725.71	31073.83
725.89	31323.68
726.08	30932.52
726.26	31276.58
726.45	30416.43
726.63	31198.76
726.82	30729.77
727.00	30813.74
727.19	30719.53
727.37	31196.71
727.56	30754.35
727.75	30527.02
727.93	30692.91
728.12	30422.58
728.30	31284.77
728.49	30785.07
728.67	30230.07
728.86	30987.82
729.04	30354.99
729.23	30977.58
729.41	30221.87
729.60	30946.86
729.78	31129.12
729.97	30903.85
730.15	30400.05
730.34	30645.80
730.52	30414.38
730.71	30860.84
730.89	30582.32
731.08	30912.04
731.26	30201.40
731.45	30506.54
731.63	29806.14
731.82	30445.10
732.00	30107.19
732.19	30477.87
732.37	29830.71
732.56	30289.46
732.74	30164.53
732.93	29951.54
733.11	29572.67
733.30	29988.41
733.48	29677.12
733.67	30029.37
733.85	29687.36
734.04	30072.37
734.22	29666.88
734.41	29816.38
734.59	29830.71
734.77	29998.65
734.96	29851.19
735.14	30367.28
735.33	29447.74
735.51	30055.99
735.70	29093.44
735.88	29875.77
736.07	29529.66
736.25	29828.66
736.44	29630.01
736.62	29763.13
736.80	29351.49
736.99	29546.05
737.17	29058.63
737.36	29613.63
737.54	29589.05
737.73	29328.96
737.91	28810.82
738.10	29756.99
738.28	29163.08
738.46	29562.43
738.65	29085.25
738.83	29341.25
739.02	28853.83
739.20	29484.61
739.39	29261.38
739.57	29466.17
739.75	28806.73
739.94	29269.57
740.12	29134.40
740.31	29486.65
740.49	28726.86
740.68	29144.64
740.86	28606.03
741.04	29339.20
741.23	28958.28
741.41	29130.31
741.60	28458.57
741.78	28911.17
741.96	28886.60
742.15	29408.83
742.33	28921.41
742.52	28671.56
742.70	28446.29
742.88	29113.92
743.07	28737.10
743.25	28974.66
743.44	28130.90
743.62	28683.85
743.80	28606.03
743.99	28720.71
744.17	28288.59
744.36	28927.56
744.54	28601.93
744.72	28434.00
744.91	28350.03
745.09	28958.28
745.27	27870.81
745.46	28243.54
745.64	27936.34
745.83	28671.56
746.01	27684.44
746.19	28040.79
746.38	27721.30
746.56	28315.22
746.74	27588.19
746.93	28196.43
747.11	27461.21
747.29	27973.21
747.48	27549.28
747.66	27485.79
747.85	27278.94
748.03	27973.21
748.21	27274.85
748.40	27381.34
748.58	26881.64
748.76	27008.61
748.95	27086.43
749.13	27627.10
749.31	27117.15
749.50	27752.02
749.68	26846.82
749.86	27588.19
750.05	26590.83
750.23	27061.86
750.41	27086.43
750.60	26803.82
750.78	26605.16
750.96	26869.35
751.15	26410.60
751.33	26650.22
751.51	26349.17
751.70	26439.28
751.88	26214.00
752.06	26355.31
752.25	25900.66
752.43	26386.03
752.61	25861.75
752.79	26074.74
752.98	25871.99
753.16	26345.07
753.34	25501.31
753.53	26082.93
753.71	25097.86
753.89	25753.21
754.08	25572.99
754.26	25509.50
754.44	25527.93
754.62	26041.97
754.81	25527.93
754.99	26277.49
755.17	25304.70
755.36	25919.09
755.54	25048.71
755.72	25890.42
755.91	25687.67
756.09	25663.10
756.27	25337.47
756.45	25986.68
756.64	25235.07
756.82	25228.93
757.00	25044.61
757.18	25781.88
757.37	25493.12
757.55	25497.21
757.73	25595.51
757.92	25720.44
758.10	25876.09
758.28	25489.02
758.46	25503.35
758.65	25986.68
758.83	25284.22
759.01	26156.66
759.19	25558.65
759.38	26132.08
759.56	25175.68
759.74	26066.55
759.92	25583.23
760.11	26050.16
760.29	25493.12
760.47	26035.83
760.65	25968.24
760.84	26138.23
761.02	25624.18
761.20	25960.05
761.38	26025.59
761.56	26373.74
761.75	26150.51
761.93	26320.49
762.11	26017.40
762.29	26203.76
762.48	26287.73
762.66	26590.83
762.84	26166.90
763.02	26410.60
763.20	26599.02
763.39	27020.90
763.57	26777.19
763.75	26680.94
763.93	26572.39
764.12	26977.89
764.30	26967.65
764.48	27332.19
764.66	26787.43
764.84	27461.21
765.03	27092.58
765.21	27194.98
765.39	26672.74
765.57	27530.84
765.75	27596.38
765.94	27483.74
766.12	27127.39
766.30	28257.87
766.48	27489.88
766.66	27901.53
766.84	27430.49
767.03	28405.33
767.21	27125.35
767.39	28225.11
767.57	27739.74
767.75	27711.07
767.94	27704.92
768.12	28290.64
768.30	27557.47
768.48	28214.87
768.66	27846.23
768.84	27846.23
769.03	28014.16
769.21	27872.85
769.39	27926.10
769.57	27960.92
769.75	27915.86
769.93	27922.01
770.11	27713.11
770.30	27657.82
770.48	27780.70
770.66	27676.25
770.84	27690.59
771.02	27721.30
771.20	27199.07
771.39	27594.33
771.57	27375.20
771.75	27774.55
771.93	27428.45
772.11	27471.45
772.29	27031.14
772.47	27332.19
772.65	26697.32
772.84	27594.33
773.02	26936.93
773.20	27450.97
773.38	27305.57
773.56	27061.86
773.74	26338.93
773.92	27154.02
774.10	26920.55
774.29	26785.38
774.47	26158.70
774.65	26742.38
774.83	25839.22
775.01	26766.95
775.19	25544.31
775.37	26283.63
775.55	25820.79
775.73	26107.51
775.92	25441.92
776.10	25927.28
776.28	25065.09
776.46	25628.28
776.64	25101.95
776.82	25509.50
777.00	25224.83
777.18	25683.58
777.36	25165.44
777.54	25462.40
777.72	24825.48
777.91	25030.27
778.09	24706.70
778.27	24972.93
778.45	24024.72
778.63	24446.60
778.81	24217.23
778.99	24297.10
779.17	23834.26
779.35	24256.14
779.53	23758.49
779.71	24331.92
779.89	23871.12
780.07	23979.67
780.25	23578.26
780.44	24172.18
780.62	23314.08
780.80	23553.69
780.98	23572.12
781.16	23289.50
781.34	23256.73
781.52	23504.54
781.70	22863.52
781.88	22904.48
782.06	22836.90
782.24	22673.06
782.42	22363.82
782.60	22650.53
782.78	22240.94
782.96	22359.72
783.14	21876.40
783.32	21999.28
783.50	21798.58
783.68	22060.72
783.86	21724.85
784.04	21737.14
784.22	21374.65
784.40	22052.53
784.58	21364.41
784.76	21606.07
784.95	21190.33
785.13	21245.63
785.31	21061.31
785.49	21155.52
785.67	20917.95
785.85	21356.22
786.03	20750.02
786.21	20668.10
786.39	20268.75
786.57	20496.07
786.75	20291.27
786.93	20772.55
787.11	19900.11
787.29	20432.58
787.47	20061.90
787.65	20022.99
787.83	19932.88
788.01	19994.32
788.19	19799.76
788.37	20149.96
788.55	19732.18
788.72	19863.25
788.90	19603.16
789.08	19711.70
789.26	19367.64
789.44	19451.61
789.62	19218.14
789.80	19424.98
789.98	19298.01
790.16	19136.22
790.34	19021.53
790.52	19523.29
790.70	18941.66
790.88	19193.56
791.06	19162.84
791.24	18804.45
791.42	18890.46
791.60	19171.04
791.78	18464.49
791.96	18636.52
792.14	18271.98
792.32	18738.91
792.50	18401.00
792.68	18685.67
792.86	18030.32
793.04	18253.55
793.22	18202.35
793.39	18124.52
793.57	17553.14
793.75	18171.63
793.93	17907.44
794.11	18226.92
794.29	17510.13
794.47	17954.54
794.65	17655.54
794.83	17987.31
795.01	17667.83
795.19	17606.39
795.37	17694.45
795.55	17829.62
795.73	17440.50
795.90	17338.10
796.08	17200.89
796.26	17446.65
796.44	17354.49
796.62	17323.77
796.80	17014.52
796.98	16957.18
797.16	17006.33
797.34	17084.16
797.52	17075.96
797.70	17053.44
797.87	16830.21
798.05	16967.42
798.23	16891.65
798.41	16631.55
798.59	16590.59
798.77	16516.87
798.95	16439.05
799.13	16453.38
799.31	16318.22
799.48	16324.36
799.66	16203.53
799.84	16283.40
800.02	16070.41
800.20	16244.49
800.38	15949.58
800.56	15925.00
800.74	15877.90
800.91	15853.33
801.09	15562.51
801.27	15730.45
801.45	15775.50
801.63	15632.15
801.81	15660.82
801.99	15847.18
802.16	15703.82
802.34	15372.05
802.52	15359.77
802.70	15468.31
802.88	15515.41
803.06	15937.29
803.24	15558.42
803.41	15693.58
803.59	15339.29
803.77	15335.19
803.95	15030.04
804.13	15296.28
804.31	15089.43
804.48	15185.69
804.66	15120.15
804.84	15085.34
805.02	14739.23
805.20	15030.04
805.38	14948.12
805.55	14952.22
805.73	14966.56
805.91	15128.35
806.09	14739.23
806.27	14712.61
806.44	14659.36
806.62	14751.52
806.80	14495.52
806.98	14690.08
807.16	14395.17
807.34	14837.53
807.51	14315.30
807.69	14624.54
807.87	14106.41
808.05	14606.11
808.23	14237.48
808.40	14464.80
808.58	14157.61
808.76	14489.38
808.94	14008.11
809.11	14309.16
809.29	13991.72
809.47	14305.06
809.65	14030.63
809.83	14157.61
810.00	13965.10
810.18	13899.56
810.36	13793.07
810.54	13928.24
810.72	13903.66
810.89	13799.21
811.07	13621.04
811.25	13537.07
811.43	13268.79
811.60	13586.22
811.78	13332.28
811.96	13952.81
812.14	13586.22
812.31	13438.77
812.49	13188.92
812.67	13107.00
812.85	13303.60
813.02	13463.35
813.20	13358.90
813.38	13303.60
813.56	13041.46
813.73	13475.63
813.91	13168.44
814.09	13199.16
814.27	13137.72
814.44	13010.75
814.62	12808.00
814.80	12724.03
814.98	12820.28
815.15	13012.79
815.33	12814.14
815.51	13016.89
815.69	12681.02
815.86	12869.44
816.04	12797.76
816.22	12728.13
816.39	12527.42
816.57	12627.78
816.75	12859.20
816.93	12904.25
817.10	12820.28
817.28	12496.71
817.46	12304.20
817.63	12730.17
817.81	12083.02
817.99	12439.36
818.17	12185.41
818.34	12257.09
818.52	12347.20
818.70	12490.56
818.87	12078.92
819.05	12468.03
819.23	12207.94
819.40	12336.96
819.58	12068.68
819.76	12570.43
819.93	11960.14
820.11	12277.57
820.29	11839.31
820.46	12367.68
820.64	11741.00
820.82	11906.89
821.00	11620.17
821.17	11716.43
821.35	11949.90
821.53	11939.66
821.70	11616.08
821.88	11548.50
822.06	11288.40
822.23	11741.00
822.41	11650.89
822.59	11519.82
822.76	11442.00
822.94	11624.27
823.11	11472.72
823.29	11755.34
823.47	11269.97
823.64	11577.17
823.82	11476.82
824.00	11700.05
824.17	11009.88
824.35	11439.95
824.53	11327.32
824.70	11388.75
824.88	11321.17
825.06	11026.26
825.23	11149.14
825.41	11169.62
825.58	10993.50
825.76	10989.40
825.94	10819.42
826.11	10944.34
826.29	10962.78
826.47	10970.97
826.64	11204.44
826.82	11001.69
826.99	10841.95
827.17	10817.37
827.35	11011.93
827.52	10919.77
827.70	10796.89
827.87	10843.99
828.05	10829.66
828.23	10952.54
828.40	10813.28
828.58	10768.22
828.75	10739.55
828.93	10616.67
829.11	10581.85
829.28	10657.63
829.46	10866.52
829.63	10569.57
829.81	10633.05
829.99	10510.18
830.16	10442.59
830.34	10518.37
830.51	10254.18
830.69	10403.68
830.87	10497.89
831.04	10336.10
831.22	10135.40
831.39	10454.88
831.57	10127.21
831.74	10315.62
831.92	10454.88
832.10	10309.47
832.27	9936.74
832.45	10076.01
832.62	10188.64
832.80	10270.56
832.97	9854.83
833.15	10280.80
833.32	9791.34
833.50	10059.62
833.68	10014.57
833.85	10008.42
834.03	9940.84
834.20	9965.42
834.38	9846.63
834.55	9805.67
834.73	9830.25
834.90	9944.94
835.08	9865.07
835.25	9756.52
835.43	9736.04
835.60	9746.28
835.78	9486.19
835.96	9711.47
836.13	9512.81
836.31	9660.27
836.48	9643.88
836.66	9619.31
836.83	9369.46
837.01	9551.73
837.18	9570.16
837.36	9291.63
837.53	9236.34
837.71	9365.36
837.88	9289.59
838.06	9455.47
838.23	9330.55
838.41	9576.30
838.58	9361.27
838.76	9469.81
838.93	9219.96
839.11	9330.55
839.28	8906.62
839.46	9183.09
839.63	9179.00
839.81	9551.73
839.98	9217.91
840.16	9187.19
840.33	9133.94
840.51	9351.03
840.68	9160.56
840.86	9269.11
841.03	8916.86
841.21	9029.49
841.38	8988.53
841.55	8953.72
841.73	8941.43
841.90	8849.27
842.08	8929.14
842.25	8990.58
842.43	8937.34
842.60	8974.20
842.78	8529.79
842.95	8920.95
843.13	8578.94
843.30	8830.84
843.48	8675.20
843.65	8888.18
843.82	8677.24
844.00	8867.70
844.17	8490.88
844.35	8892.28
844.52	8671.10
844.70	8306.56
844.87	8525.69
845.05	8646.52
845.22	8497.02
845.39	8609.66
845.57	8523.65
845.74	8753.02
845.92	8499.07
846.09	8437.63
846.27	8275.84
846.44	8546.17
846.61	8384.38
846.79	8482.69
846.96	8361.86
847.14	8388.48
847.31	8206.21
847.48	8294.27
847.66	8310.66
847.83	8357.76
848.01	8208.26
848.18	8015.75
848.35	8200.07
848.53	8298.37
848.70	8335.23
848.88	8128.39
849.05	8286.08
849.22	8306.56
849.40	8152.96
849.57	8124.29
849.75	8171.40
849.92	8114.05
850.09	8056.71
850.27	7956.36
850.44	8249.22
850.62	8048.52
850.79	7856.01
850.96	8079.24
851.14	7894.92
851.31	8185.73
851.48	7786.38
851.66	7886.73
851.83	7868.30
852.01	7810.95
852.18	7759.75
852.35	7864.20
852.53	7763.85
852.70	7806.86
852.87	7866.25
853.05	7759.75
853.22	7741.32
853.39	7778.19
853.57	7616.40
853.74	7708.55
853.91	7610.25
854.09	7792.52
854.26	7579.53
854.43	7597.96
854.61	7548.81
854.78	7561.10
854.95	7647.12
855.13	7563.15
855.30	7600.01
855.47	7524.24
855.65	7511.95
855.82	7550.86
855.99	7686.03
856.17	7532.43
856.34	7317.39
856.51	7362.45
856.69	7432.08
856.86	7372.69
857.03	7276.43
857.21	7384.98
857.38	7206.80
857.55	7546.76
857.73	7165.84
857.90	7446.41
858.07	7151.51
858.24	7247.76
858.42	7335.82
858.59	7413.65
858.76	7317.39
858.94	7192.47
859.11	7188.37
859.28	7282.58
859.46	7045.01
859.63	7315.34
859.80	7128.98
859.97	7176.08
860.15	7069.59
860.32	7235.47
860.49	7049.11
860.67	7118.74
860.84	7139.22
861.01	7075.73
861.18	6977.43
861.36	7169.94
861.53	6959.00
861.70	7122.84
861.87	6963.09
862.05	6954.90
862.22	6834.07
862.39	6928.28
862.56	6864.79
862.74	6891.41
862.91	6897.56
863.08	6844.31
863.25	6768.54
863.43	6846.36
863.60	6942.61
863.77	6774.68
863.94	6875.03
864.12	6850.46
864.29	6698.91
864.46	6817.69
864.63	6715.29
864.81	6811.54
864.98	6639.51
865.15	6793.11
865.32	6541.21
865.50	6664.09
865.67	6635.42
865.84	6639.51
866.01	6326.18
866.18	6635.42
866.36	6227.87
866.53	6561.69
866.70	6557.60
866.87	6602.65
867.04	6453.15
867.22	6467.49
867.39	6447.01
867.56	6561.69
867.73	6571.93
867.90	6500.25
868.08	6530.97
868.25	6414.24
868.42	6094.76
868.59	6494.11
868.76	6350.75
868.94	6287.26
869.11	6115.23
869.28	6119.33
869.45	6277.02
869.62	6193.06
869.80	6340.51
869.97	6291.36
870.14	6201.25
870.31	6346.66
870.48	6272.93
870.65	6184.87
870.83	6164.39
871.00	6037.41
871.17	6082.47
871.34	6141.86
871.51	6154.15
871.68	6148.00
871.86	6195.11
872.03	6160.29
872.20	5951.40
872.37	6023.08
872.54	6182.82
872.71	6025.12
872.89	5945.25
873.06	6266.78
873.23	5914.53
873.40	6072.23
873.57	6047.65
873.74	5861.29
873.91	6057.89
874.09	5973.92
874.26	5832.62
874.43	5859.24
874.60	5889.96
874.77	5955.49
874.94	5828.52
875.11	5810.09
875.28	5687.21
875.46	5793.70
875.63	5719.98
875.80	5818.28
875.97	5849.00
876.14	5883.81
876.31	5805.99
876.48	5775.27
876.65	5636.01
876.82	5789.61
877.00	5767.08
877.17	5703.59
877.34	5644.20
877.51	5736.36
877.68	5525.42
877.85	5603.24
878.02	5554.09
878.19	5556.14
878.36	5670.83
878.53	5554.09
878.70	5539.76
878.88	5535.66
879.05	5654.44
879.22	5623.72
879.39	5427.12
879.56	5439.40
879.73	5521.32
879.90	5627.82
880.07	5523.37
880.24	5545.90
880.41	5337.01
880.58	5482.41
880.75	5443.50
880.92	5502.89
881.10	5433.26
881.27	5408.69
881.44	5400.49
881.61	5468.08
881.78	5277.62
881.95	5449.64
882.12	5427.12
882.29	5283.76
882.46	5310.38
882.63	5390.25
882.80	5343.15
882.97	5400.49
883.14	5453.74
883.31	5398.45
883.48	5373.87
883.65	5222.32
883.82	5083.06
883.99	5304.24
884.16	5343.15
884.33	5220.27
884.50	5406.64
884.67	5228.46
884.84	5216.18
885.01	5189.55
885.18	4962.23
885.35	5138.35
885.52	4943.80
885.69	5128.11
885.86	4911.03
886.03	5177.26
886.21	4925.36
886.38	5093.30
886.55	5087.15
886.72	4954.04
886.89	5042.10
887.06	5081.01
887.23	4972.47
887.39	4870.07
887.56	4999.09
887.73	5033.91
887.90	5111.73
888.07	5062.58
888.24	4908.98
888.41	5150.64
888.58	5007.28
888.75	4951.99
888.92	4890.55
889.09	5023.67
889.26	4900.79
889.43	4906.93
889.60	4990.90
889.77	4900.79
889.94	4890.55
890.11	4925.36
890.28	4865.97
890.45	4800.44
890.62	4861.88
890.79	4790.20
890.96	4798.39
891.13	4825.01
891.30	4841.40
891.47	4859.83
891.64	4816.82
891.81	4890.55
891.98	4825.01
892.15	4702.14
892.32	4749.24
892.48	4925.36
892.65	4712.38
892.82	4755.38
892.99	4616.12
893.16	4745.14
893.33	4788.15
893.50	4788.15
893.67	4749.24
893.84	4687.80
894.01	4597.69
894.18	4526.01
894.35	4595.64
894.52	4736.95
894.68	4644.79
894.85	4540.35
895.02	4511.68
895.19	4644.79
