177.85	958.45
178.07	958.45
178.28	958.45
178.50	933.87
178.72	1052.66
178.94	1122.29
179.16	1056.75
179.38	1110.00
179.59	1163.25
179.81	1075.18
180.03	1155.05
180.25	1097.71
180.47	1124.33
180.68	1083.38
180.90	1099.76
181.12	1069.04
181.34	1011.70
181.56	1097.71
181.78	1071.09
181.99	1007.60
182.21	1122.29
182.43	1056.75
182.65	1128.43
182.87	1110.00
183.08	1187.82
183.30	1071.09
183.52	1097.71
183.74	1155.05
183.96	1153.01
184.17	1028.08
184.39	1122.29
184.61	1163.25
184.83	1136.62
185.05	1114.10
185.26	1144.81
185.48	1093.62
185.70	1181.68
185.92	1097.71
186.14	1042.42
186.35	1048.56
186.57	1081.33
186.79	1157.10
187.01	1097.71
187.23	1105.90
187.44	1128.43
187.66	1114.10
187.88	1146.86
188.10	1069.04
188.32	1126.38
188.53	1146.86
188.75	1101.81
188.97	1015.79
189.19	1089.52
189.41	1159.15
189.62	1187.82
189.84	1093.62
190.06	1023.98
190.28	1161.20
190.49	1150.96
190.71	1134.57
190.93	1247.21
191.15	1132.53
191.37	1058.80
191.58	1126.38
191.80	1206.25
192.02	1171.44
192.24	1150.96
192.45	1071.09
192.67	1075.18
192.89	1079.28
193.11	1097.71
193.33	1048.56
193.54	1150.96
193.76	1089.52
193.98	1153.01
194.20	1058.80
194.41	1030.13
194.63	1179.63
194.85	1058.80
195.07	1056.75
195.28	1122.29
195.50	1040.37
195.72	1126.38
195.94	1157.10
196.16	1128.43
196.37	1116.14
196.59	1132.53
196.81	1077.23
197.03	1155.05
197.24	1066.99
197.46	1138.67
197.68	1087.47
197.90	1083.38
198.11	1193.97
198.33	1079.28
198.55	1112.05
198.77	1157.10
198.98	1196.01
199.20	1126.38
199.42	1155.05
199.64	1097.71
199.85	1054.70
200.07	1110.00
200.29	1132.53
200.51	1071.09
200.72	1101.81
200.94	1202.16
201.16	1116.14
201.37	1159.15
201.59	1116.14
201.81	1173.49
202.03	1191.92
202.24	1167.34
202.46	1087.47
202.68	1073.14
202.90	1110.00
203.11	1048.56
203.33	1146.86
203.55	1204.21
203.77	1009.65
203.98	1155.05
204.20	1169.39
204.42	1114.10
204.63	1245.16
204.85	1196.01
205.07	1097.71
205.29	1099.76
205.50	1107.95
205.72	1101.81
205.94	1148.91
206.15	995.31
206.37	1148.91
206.59	1066.99
206.81	1134.57
207.02	1130.48
207.24	1069.04
207.46	1126.38
207.67	1161.20
207.89	1089.52
208.11	1116.14
208.33	1171.44
208.54	1132.53
208.76	1105.90
208.98	1189.87
209.19	1181.68
209.41	1060.85
209.63	1095.66
209.85	1179.63
210.06	1107.95
210.28	1075.18
210.50	1124.33
210.71	1023.98
210.93	1091.57
211.15	1118.19
211.36	1169.39
211.58	1122.29
211.80	1198.06
212.02	1077.23
212.23	1140.72
212.45	1089.52
212.67	1089.52
212.88	1155.05
213.10	1112.05
213.32	1161.20
213.53	1140.72
213.75	1107.95
213.97	1148.91
214.18	1118.19
214.40	1064.94
214.62	1130.48
214.83	1081.33
215.05	1140.72
215.27	1159.15
215.48	1066.99
215.70	1058.80
215.92	1052.66
216.14	1239.02
216.35	1007.60
216.57	1128.43
216.79	1181.68
217.00	1093.62
217.22	1146.86
217.44	1066.99
217.65	1050.61
217.87	1095.66
218.09	1132.53
218.30	1130.48
218.52	1146.86
218.74	1083.38
218.95	1103.86
219.17	1128.43
219.39	1224.69
219.60	1026.03
219.82	1146.86
220.04	1077.23
220.25	1114.10
220.47	1064.94
220.69	1155.05
220.90	1110.00
221.12	976.88
221.33	1103.86
221.55	1066.99
221.77	1089.52
221.98	1105.90
222.20	1103.86
222.42	1075.18
222.63	1050.61
222.85	1089.52
223.07	1023.98
223.28	1107.95
223.50	1083.38
223.72	1144.81
223.93	1138.67
224.15	1048.56
224.37	1159.15
224.58	1105.90
224.80	1140.72
225.01	1112.05
225.23	1122.29
225.45	1101.81
225.66	1110.00
225.88	1101.81
226.10	1069.04
226.31	1091.57
226.53	1159.15
226.75	1089.52
226.96	1165.29
227.18	1153.01
227.39	1023.98
227.61	1089.52
227.83	1130.48
228.04	1171.44
228.26	1148.91
228.48	1140.72
228.69	1179.63
228.91	1062.90
229.12	1112.05
229.34	1091.57
229.56	1138.67
229.77	1089.52
229.99	1220.59
230.21	1081.33
230.42	1069.04
230.64	1019.89
230.85	1110.00
231.07	1060.85
231.29	1181.68
231.50	1099.76
231.72	1019.89
231.93	1107.95
232.15	1085.42
232.37	1212.40
232.58	1110.00
232.80	1208.30
233.02	1171.44
233.23	1062.90
233.45	1062.90
233.66	1064.94
233.88	1122.29
234.10	1122.29
234.31	1132.53
234.53	1122.29
234.74	1165.29
234.96	1116.14
235.18	1081.33
235.39	1089.52
235.61	1144.81
235.82	1138.67
236.04	1130.48
236.25	1103.86
236.47	1040.37
236.69	1167.34
236.90	1138.67
237.12	1114.10
237.33	1140.72
237.55	1095.66
237.77	1062.90
237.98	1179.63
238.20	1138.67
238.41	1046.51
238.63	1140.72
238.85	1150.96
239.06	1210.35
239.28	1189.87
239.49	1077.23
239.71	1097.71
239.92	1056.75
240.14	1157.10
240.36	1189.87
240.57	1075.18
240.79	1118.19
241.00	1173.49
241.22	1064.94
241.43	1093.62
241.65	1212.40
241.87	1148.91
242.08	1122.29
242.30	1073.14
242.51	1095.66
242.73	1097.71
242.94	1085.42
243.16	1130.48
243.37	1107.95
243.59	1122.29
243.81	1130.48
244.02	1091.57
244.24	1169.39
244.45	1073.14
244.67	1089.52
244.88	1114.10
245.10	1107.95
245.31	1177.58
245.53	1128.43
245.75	1136.62
245.96	1144.81
246.18	1077.23
246.39	1159.15
246.61	1105.90
246.82	1112.05
247.04	1044.46
247.25	1101.81
247.47	1214.45
247.68	1060.85
247.90	1044.46
248.12	1110.00
248.33	1056.75
248.55	1112.05
248.76	1040.37
248.98	1091.57
249.19	1132.53
249.41	1173.49
249.62	1153.01
249.84	1153.01
250.05	1032.18
250.27	1142.77
250.48	1130.48
250.70	1140.72
250.92	1118.19
251.13	1181.68
251.35	1101.81
251.56	1173.49
251.78	1146.86
251.99	1060.85
252.21	1214.45
252.42	1089.52
252.64	1130.48
252.85	1101.81
253.07	1081.33
253.28	1165.29
253.50	1075.18
253.71	1085.42
253.93	1044.46
254.14	1153.01
254.36	1085.42
254.57	1026.03
254.79	1150.96
255.00	1064.94
255.22	1132.53
255.43	1130.48
255.65	1044.46
255.86	1140.72
256.08	1157.10
256.29	1110.00
256.51	1048.56
256.72	1058.80
256.94	1112.05
257.15	1150.96
257.37	1114.10
257.58	1189.87
257.80	1089.52
258.01	1204.21
258.23	1081.33
258.44	1118.19
258.66	1138.67
258.87	1089.52
259.09	1126.38
259.30	1071.09
259.52	1048.56
259.73	1056.75
259.95	1099.76
260.16	1165.29
260.38	1130.48
260.59	1062.90
260.81	1081.33
261.02	1069.04
261.24	1122.29
261.45	1091.57
261.67	1114.10
261.88	1138.67
262.10	1163.25
262.31	1107.95
262.53	1042.42
262.74	1095.66
262.96	1083.38
263.17	1157.10
263.38	1101.81
263.60	1116.14
263.81	1110.00
264.03	1089.52
264.24	1126.38
264.46	1161.20
264.67	1122.29
264.89	1177.58
265.10	1116.14
265.32	1128.43
265.53	1140.72
265.75	1144.81
265.96	1114.10
266.18	1134.57
266.39	1134.57
266.60	1099.76
266.82	1128.43
267.03	1099.76
267.25	1087.47
267.46	1183.73
267.68	1130.48
267.89	1064.94
268.11	1032.18
268.32	1114.10
268.54	1148.91
268.75	1103.86
268.96	1069.04
269.18	1161.20
269.39	1122.29
269.61	1146.86
269.82	1103.86
270.04	1034.22
270.25	1159.15
270.47	1114.10
270.68	1116.14
270.89	1064.94
271.11	1175.53
271.32	1140.72
271.54	1183.73
271.75	1136.62
271.97	1112.05
272.18	1050.61
272.39	1081.33
272.61	1103.86
272.82	1114.10
273.04	1193.97
273.25	1099.76
273.47	1179.63
273.68	1093.62
273.89	1136.62
274.11	1146.86
274.32	1126.38
274.54	1110.00
274.75	1089.52
274.97	1138.67
275.18	1038.32
275.39	1028.08
275.61	1116.14
275.82	1011.70
276.04	1048.56
276.25	1130.48
276.46	1169.39
276.68	1064.94
276.89	1093.62
277.11	1165.29
277.32	1060.85
277.54	1075.18
277.75	1200.11
277.96	1138.67
278.18	1007.60
278.39	1124.33
278.61	1157.10
278.82	1058.80
279.03	1122.29
279.25	1097.71
279.46	1097.71
279.68	1124.33
279.89	1114.10
280.10	1157.10
280.32	1105.90
280.53	1032.18
280.75	1095.66
280.96	1124.33
281.17	1150.96
281.39	1095.66
281.60	1191.92
281.81	1159.15
282.03	1107.95
282.24	1167.34
282.46	1110.00
282.67	1091.57
282.88	1075.18
283.10	1173.49
283.31	1040.37
283.53	1165.29
283.74	1200.11
283.95	1114.10
284.17	1116.14
284.38	1107.95
284.59	1140.72
284.81	1120.24
285.02	1064.94
285.24	1085.42
285.45	1089.52
285.66	1105.90
285.88	1130.48
286.09	1089.52
286.30	1171.44
286.52	1112.05
286.73	1089.52
286.94	1126.38
287.16	1077.23
287.37	1142.77
287.59	1155.05
287.80	1175.53
288.01	1077.23
288.23	1093.62
288.44	1310.70
288.65	1191.92
288.87	1138.67
289.08	1107.95
289.29	1116.14
289.51	1114.10
289.72	1112.05
289.93	1122.29
290.15	1175.53
290.36	1144.81
290.58	1099.76
290.79	1034.22
291.00	1114.10
291.22	1159.15
291.43	1120.24
291.64	1040.37
291.86	1077.23
292.07	1124.33
292.28	1110.00
292.50	1042.42
292.71	1083.38
292.92	1110.00
293.14	1095.66
293.35	1122.29
293.56	1122.29
293.78	1110.00
293.99	1134.57
294.20	1073.14
294.42	1077.23
294.63	1146.86
294.84	1128.43
295.06	1099.76
295.27	1130.48
295.48	1114.10
295.70	1134.57
295.91	1107.95
296.12	1097.71
296.34	1091.57
296.55	1089.52
296.76	1089.52
296.98	1056.75
297.19	1064.94
297.40	1083.38
297.61	1206.25
297.83	1062.90
298.04	1187.82
298.25	1028.08
298.47	1134.57
298.68	1103.86
298.89	1044.46
299.11	1013.74
299.32	1071.09
299.53	1153.01
299.75	1066.99
299.96	1116.14
300.17	1132.53
300.38	1062.90
300.60	1023.98
300.81	1124.33
301.02	1110.00
301.24	1155.05
301.45	1138.67
301.66	1130.48
301.88	1069.04
302.09	1148.91
302.30	1099.76
302.51	1056.75
302.73	1124.33
302.94	1073.14
303.15	1193.97
303.37	1077.23
303.58	1103.86
303.79	1175.53
304.00	1052.66
304.22	1087.47
304.43	1118.19
304.64	1130.48
304.86	1073.14
305.07	1136.62
305.28	1132.53
305.49	1138.67
305.71	1091.57
305.92	1247.21
306.13	1130.48
306.34	1187.82
306.56	1173.49
306.77	1026.03
306.98	1064.94
307.20	1171.44
307.41	1163.25
307.62	1142.77
307.83	1038.32
308.05	1130.48
308.26	1015.79
308.47	1144.81
308.68	1146.86
308.90	1069.04
309.11	1114.10
309.32	1112.05
309.53	1107.95
309.75	1155.05
309.96	1093.62
310.17	1177.58
310.38	1138.67
310.60	1079.28
310.81	1050.61
311.02	1066.99
311.23	1040.37
311.45	1128.43
311.66	1038.32
311.87	1112.05
312.08	1185.77
312.30	1056.75
312.51	993.26
312.72	1069.04
312.93	1185.77
313.15	1095.66
313.36	1095.66
313.57	1015.79
313.78	978.93
314.00	1118.19
314.21	1091.57
314.42	1097.71
314.63	1097.71
314.85	1075.18
315.06	1181.68
315.27	1103.86
315.48	1066.99
315.69	1130.48
315.91	1112.05
316.12	1134.57
316.33	1064.94
316.54	1087.47
316.76	1169.39
316.97	1208.30
317.18	1097.71
317.39	1081.33
317.60	1138.67
317.82	1153.01
318.03	1214.45
318.24	1163.25
318.45	1146.86
318.67	1054.70
318.88	1009.65
319.09	1073.14
319.30	1183.73
319.51	1116.14
319.73	1097.71
319.94	1101.81
320.15	1103.86
320.36	1122.29
320.57	1069.04
320.79	1075.18
321.00	1081.33
321.21	1138.67
321.42	1179.63
321.63	1099.76
321.85	1140.72
322.06	1150.96
322.27	1105.90
322.48	1138.67
322.69	1130.48
322.91	1028.08
323.12	1134.57
323.33	1177.58
323.54	1099.76
323.75	1173.49
323.97	1011.70
324.18	1165.29
324.39	1122.29
324.60	1144.81
324.81	1097.71
325.02	1136.62
325.24	1146.86
325.45	1157.10
325.66	1066.99
325.87	1105.90
326.08	1146.86
326.30	1107.95
326.51	1136.62
326.72	1114.10
326.93	1007.60
327.14	1138.67
327.35	1210.35
327.57	1179.63
327.78	1173.49
327.99	1163.25
328.20	1095.66
328.41	1155.05
328.62	1165.29
328.84	1093.62
329.05	1091.57
329.26	1183.73
329.47	1132.53
329.68	1134.57
329.89	1083.38
330.11	1101.81
330.32	1134.57
330.53	1122.29
330.74	1130.48
330.95	1101.81
331.16	1015.79
331.37	1101.81
331.59	1140.72
331.80	1089.52
332.01	1173.49
332.22	1069.04
332.43	1163.25
332.64	1112.05
332.86	1093.62
333.07	1146.86
333.28	1116.14
333.49	1167.34
333.70	1089.52
333.91	1079.28
334.12	1015.79
334.33	1050.61
334.55	1069.04
334.76	1103.86
334.97	1198.06
335.18	1081.33
335.39	1132.53
335.60	1181.68
335.81	1138.67
336.03	1114.10
336.24	1095.66
336.45	1112.05
336.66	1114.10
336.87	1196.01
337.08	1155.05
337.29	1114.10
337.50	1163.25
337.72	1116.14
337.93	1132.53
338.14	1175.53
338.35	1122.29
338.56	1136.62
338.77	1105.90
338.98	1095.66
339.19	1105.90
339.40	1069.04
339.62	1107.95
339.83	1189.87
340.04	1071.09
340.25	1155.05
340.46	1124.33
340.67	1077.23
340.88	1196.01
341.09	1112.05
341.30	1040.37
341.51	1103.86
341.73	1032.18
341.94	1077.23
342.15	1075.18
342.36	1079.28
342.57	1138.67
342.78	1191.92
342.99	1103.86
343.20	1077.23
343.41	1122.29
343.62	1085.42
343.84	1167.34
344.05	1101.81
344.26	1163.25
344.47	1105.90
344.68	1017.84
344.89	1097.71
345.10	995.31
345.31	1099.76
345.52	1148.91
345.73	1105.90
345.94	1060.85
346.15	1089.52
346.37	1161.20
346.58	1021.94
346.79	1146.86
347.00	1114.10
347.21	1159.15
347.42	1015.79
347.63	1126.38
347.84	1185.77
348.05	1032.18
348.26	1122.29
348.47	1058.80
348.68	1073.14
348.89	1077.23
349.10	1110.00
349.31	1097.71
349.53	1153.01
349.74	1138.67
349.95	1091.57
350.16	1214.45
350.37	1116.14
350.58	1097.71
350.79	1200.11
351.00	1028.08
351.21	1058.80
351.42	1052.66
351.63	1112.05
351.84	1052.66
352.05	1075.18
352.26	1064.94
352.47	1040.37
352.68	1150.96
352.89	1081.33
353.10	1126.38
353.31	1169.39
353.52	1343.47
353.73	1048.56
353.95	1122.29
354.16	1056.75
354.37	1140.72
354.58	1191.92
354.79	1130.48
355.00	1130.48
355.21	1132.53
355.42	1079.28
355.63	1118.19
355.84	1093.62
356.05	1042.42
356.26	1183.73
356.47	1118.19
356.68	1140.72
356.89	1171.44
357.10	1077.23
357.31	1130.48
357.52	1091.57
357.73	1015.79
357.94	1110.00
358.15	1107.95
358.36	1099.76
358.57	1099.76
358.78	1030.13
358.99	1060.85
359.20	1097.71
359.41	1011.70
359.62	1167.34
359.83	1101.81
360.04	1171.44
360.25	1116.14
360.46	1169.39
360.67	1114.10
360.88	1048.56
361.09	1116.14
361.30	1116.14
361.51	1105.90
361.72	1112.05
361.93	1159.15
362.14	1122.29
362.35	1118.19
362.56	1153.01
362.77	1050.61
362.98	1144.81
363.19	1023.98
363.40	1173.49
363.61	1163.25
363.82	1032.18
364.03	1040.37
364.24	1021.94
364.45	1124.33
364.66	1259.50
364.87	976.88
365.08	1134.57
365.29	1058.80
365.50	1142.77
365.71	1124.33
365.92	1114.10
366.13	1083.38
366.34	1140.72
366.55	1077.23
366.76	1134.57
366.97	1155.05
367.18	1230.83
367.39	1048.56
367.60	1079.28
367.81	1122.29
368.02	1050.61
368.23	1099.76
368.43	1155.05
368.64	1099.76
368.85	1021.94
369.06	1144.81
369.27	1046.51
369.48	1110.00
369.69	1122.29
369.90	1064.94
370.11	1124.33
370.32	1146.86
370.53	1097.71
370.74	1048.56
370.95	1155.05
371.16	1118.19
371.37	1120.24
371.58	1150.96
371.79	1181.68
372.00	1069.04
372.21	1114.10
372.42	1155.05
372.62	1066.99
372.83	1173.49
373.04	1079.28
373.25	1167.34
373.46	1126.38
373.67	1122.29
373.88	1122.29
374.09	1112.05
374.30	1101.81
374.51	1101.81
374.72	1081.33
374.93	1118.19
375.14	1124.33
375.35	1107.95
375.56	1181.68
375.76	1114.10
375.97	1066.99
376.18	1128.43
376.39	1091.57
376.60	1105.90
376.81	1130.48
377.02	1193.97
377.23	1126.38
377.44	1142.77
377.65	1023.98
377.86	1056.75
378.07	1046.51
378.27	1046.51
378.48	1150.96
378.69	1136.62
378.90	1173.49
379.11	1064.94
379.32	1087.47
379.53	1101.81
379.74	1148.91
379.95	1077.23
380.16	1091.57
380.36	1146.86
380.57	1138.67
380.78	1050.61
380.99	1105.90
381.20	1105.90
381.41	1054.70
381.62	1060.85
381.83	1093.62
382.04	1048.56
382.25	1181.68
382.45	1191.92
382.66	1056.75
382.87	1105.90
383.08	1122.29
383.29	1179.63
383.50	1058.80
383.71	1193.97
383.92	1114.10
384.12	1122.29
384.33	1179.63
384.54	1157.10
384.75	1130.48
384.96	1128.43
385.17	1077.23
385.38	1116.14
385.59	1097.71
385.79	1146.86
386.00	1185.77
386.21	1083.38
386.42	1130.48
386.63	1142.77
386.84	1146.86
387.05	1101.81
387.26	1120.24
387.46	1155.05
387.67	1189.87
387.88	1124.33
388.09	1150.96
388.30	1091.57
388.51	1218.54
388.72	1097.71
388.92	1148.91
389.13	1159.15
389.34	1161.20
389.55	1159.15
389.76	1112.05
389.97	1081.33
390.17	1196.01
390.38	1155.05
390.59	1155.05
390.80	1165.29
391.01	1114.10
391.22	1187.82
391.43	1222.64
391.63	1042.42
391.84	1083.38
392.05	1116.14
392.26	1093.62
392.47	1064.94
392.68	1032.18
392.88	1052.66
393.09	1099.76
393.30	1097.71
393.51	1091.57
393.72	1132.53
393.93	1153.01
394.13	1058.80
394.34	1130.48
394.55	1091.57
394.76	1103.86
394.97	1064.94
395.17	1177.58
395.38	1122.29
395.59	1095.66
395.80	1212.40
396.01	1079.28
396.22	1224.69
396.42	1138.67
396.63	1165.29
396.84	1103.86
397.05	1130.48
397.26	1060.85
397.46	1058.80
397.67	1134.57
397.88	1138.67
398.09	1073.14
398.30	1101.81
398.50	1089.52
398.71	1107.95
398.92	1050.61
399.13	1136.62
399.34	1138.67
399.54	1056.75
399.75	1107.95
399.96	1105.90
400.17	1112.05
400.38	1056.75
400.58	1150.96
400.79	1112.05
401.00	1107.95
401.21	1114.10
401.42	1114.10
401.62	1089.52
401.83	1103.86
402.04	1210.35
402.25	997.36
402.45	1157.10
402.66	1110.00
402.87	1105.90
403.08	1146.86
403.29	1155.05
403.49	1050.61
403.70	1097.71
403.91	1081.33
404.12	1155.05
404.32	1069.04
404.53	1103.86
404.74	1083.38
404.95	1050.61
405.15	1148.91
405.36	1097.71
405.57	1136.62
405.78	1148.91
405.99	1089.52
406.19	1054.70
406.40	1136.62
406.61	1122.29
406.82	1048.56
407.02	1050.61
407.23	1064.94
407.44	1081.33
407.65	1099.76
407.85	1148.91
408.06	1128.43
408.27	1157.10
408.48	1044.46
408.68	1179.63
408.89	1155.05
409.10	1134.57
409.31	1056.75
409.51	1124.33
409.72	1036.27
409.93	1167.34
410.13	1110.00
410.34	1083.38
410.55	1196.01
410.76	983.02
410.96	1136.62
411.17	1173.49
411.38	1105.90
411.59	1105.90
411.79	1052.66
412.00	1093.62
412.21	1132.53
412.42	1054.70
412.62	1132.53
412.83	1064.94
413.04	1099.76
413.24	1077.23
413.45	1150.96
413.66	1140.72
413.87	1175.53
414.07	1175.53
414.28	1218.54
414.49	1103.86
414.69	1134.57
414.90	1089.52
415.11	1142.77
415.32	1056.75
415.52	1103.86
415.73	1122.29
415.94	1126.38
416.14	1107.95
416.35	1105.90
416.56	1075.18
416.76	989.17
416.97	1173.49
417.18	1050.61
417.39	1181.68
417.59	1105.90
417.80	1026.03
418.01	1171.44
418.21	1099.76
418.42	1241.07
418.63	1075.18
418.83	1038.32
419.04	1155.05
419.25	1110.00
419.45	1161.20
419.66	1171.44
419.87	1105.90
420.08	1103.86
420.28	1081.33
420.49	1103.86
420.70	1122.29
420.90	1103.86
421.11	1155.05
421.32	1114.10
421.52	1177.58
421.73	1122.29
421.94	1040.37
422.14	1120.24
422.35	1056.75
422.56	1110.00
422.76	1073.14
422.97	1116.14
423.18	1136.62
423.38	1157.10
423.59	1261.55
423.80	1085.42
424.00	1097.71
424.21	1132.53
424.42	1087.47
424.62	1085.42
424.83	1050.61
425.04	1150.96
425.24	1050.61
425.45	1105.90
425.65	1118.19
425.86	1177.58
426.07	1046.51
426.27	1165.29
426.48	1052.66
426.69	1114.10
426.89	1095.66
427.10	1097.71
427.31	1122.29
427.51	1095.66
427.72	1157.10
427.93	1089.52
428.13	1105.90
428.34	1110.00
428.54	1114.10
428.75	1155.05
428.96	1069.04
429.16	1169.39
429.37	1165.29
429.58	1105.90
429.78	1126.38
429.99	1114.10
430.19	1206.25
430.40	1085.42
430.61	1126.38
430.81	1105.90
431.02	1130.48
431.23	1167.34
431.43	1032.18
431.64	1112.05
431.84	1023.98
432.05	1116.14
432.26	1034.22
432.46	1089.52
432.67	1105.90
432.87	1044.46
433.08	1028.08
433.29	1105.90
433.49	1052.66
433.70	1142.77
433.91	1146.86
434.11	1040.37
434.32	1103.86
434.52	1175.53
434.73	1136.62
434.94	1071.09
435.14	1085.42
435.35	1153.01
435.55	1112.05
435.76	1130.48
435.96	1030.13
436.17	1101.81
436.38	1052.66
436.58	1187.82
436.79	1030.13
436.99	1136.62
437.20	1081.33
437.41	1153.01
437.61	1148.91
437.82	1146.86
438.02	1040.37
438.23	1167.34
438.43	1136.62
438.64	1083.38
438.85	1085.42
439.05	1093.62
439.26	1196.01
439.46	1081.33
439.67	1193.97
439.87	1142.77
440.08	1077.23
440.29	1048.56
440.49	1105.90
440.70	1089.52
440.90	1138.67
441.11	1120.24
441.31	1064.94
441.52	1095.66
441.73	1187.82
441.93	1097.71
442.14	1185.77
442.34	1060.85
442.55	1181.68
442.75	1163.25
442.96	1042.42
443.16	1124.33
443.37	1103.86
443.58	1054.70
443.78	1142.77
443.99	1101.81
444.19	1144.81
444.40	1085.42
444.60	1097.71
444.81	1134.57
445.01	1136.62
445.22	1060.85
445.42	1087.47
445.63	1089.52
445.83	1171.44
446.04	1153.01
446.25	1073.14
446.45	1122.29
446.66	1071.09
446.86	1114.10
447.07	1089.52
447.27	1118.19
447.48	1077.23
447.68	1077.23
447.89	1042.42
448.09	1173.49
448.30	1101.81
448.50	1155.05
448.71	1116.14
448.91	1042.42
449.12	1091.57
449.32	1056.75
449.53	1132.53
449.73	1069.04
449.94	1099.76
450.14	1146.86
450.35	1148.91
450.55	1122.29
450.76	1114.10
450.96	1146.86
451.17	1171.44
451.37	1110.00
451.58	1175.53
451.78	1175.53
451.99	1103.86
452.19	1103.86
452.40	1122.29
452.60	1089.52
452.81	1101.81
453.01	1085.42
453.22	1075.18
453.42	1177.58
453.63	1056.75
453.83	1150.96
454.04	1159.15
454.24	1101.81
454.45	1138.67
454.65	1075.18
454.86	1097.71
455.06	1048.56
455.27	1073.14
455.47	1122.29
455.68	987.12
455.88	1075.18
456.09	1159.15
456.29	1128.43
456.50	1097.71
456.70	1128.43
456.91	1122.29
457.11	1159.15
457.31	1085.42
457.52	1171.44
457.72	1118.19
457.93	1064.94
458.13	1064.94
458.34	1150.96
458.54	1116.14
458.75	1130.48
458.95	1042.42
459.16	1112.05
459.36	1048.56
459.56	1138.67
459.77	1134.57
459.97	1144.81
460.18	1071.09
460.38	1009.65
460.59	1134.57
460.79	1185.77
461.00	1138.67
461.20	1083.38
461.41	1099.76
461.61	1114.10
461.81	1148.91
462.02	1146.86
462.22	1075.18
462.43	1095.66
462.63	1091.57
462.84	1179.63
463.04	1118.19
463.24	1196.01
463.45	1144.81
463.65	1179.63
463.86	1155.05
464.06	1138.67
464.27	1058.80
464.47	1110.00
464.67	1101.81
464.88	1007.60
465.08	1073.14
465.29	1187.82
465.49	1075.18
465.70	1107.95
465.90	1040.37
466.10	1155.05
466.31	1056.75
466.51	1132.53
466.72	1058.80
466.92	1187.82
467.12	1132.53
467.33	1062.90
467.53	1196.01
467.74	1048.56
467.94	1132.53
468.14	1052.66
468.35	1157.10
468.55	1220.59
468.76	1052.66
468.96	1095.66
469.16	1044.46
469.37	1165.29
469.57	1116.14
469.78	1146.86
469.98	1075.18
470.18	1097.71
470.39	1196.01
470.59	1146.86
470.80	1196.01
471.00	1112.05
471.20	1124.33
471.41	1107.95
471.61	1085.42
471.81	1138.67
472.02	1134.57
472.22	1185.77
472.43	1120.24
472.63	1159.15
472.83	1179.63
473.04	1173.49
473.24	1148.91
473.44	1148.91
473.65	1439.72
473.85	1023.98
474.06	1128.43
474.26	1226.73
474.46	1069.04
474.67	1169.39
474.87	1167.34
475.07	1107.95
475.28	1075.18
475.48	1189.87
475.68	1130.48
475.89	1144.81
476.09	1122.29
476.29	1071.09
476.50	1064.94
476.70	1073.14
476.91	1142.77
477.11	1214.45
477.31	1163.25
477.52	1099.76
477.72	1193.97
477.92	1110.00
478.13	1130.48
478.33	1161.20
478.53	1114.10
478.74	1122.29
478.94	1091.57
479.14	1069.04
479.35	1120.24
479.55	1114.10
479.75	1097.71
479.96	1122.29
480.16	1099.76
480.36	1134.57
480.57	1132.53
480.77	1120.24
480.97	1064.94
481.18	1038.32
481.38	1236.97
481.58	1175.53
481.79	1110.00
481.99	1089.52
482.19	1165.29
482.39	1110.00
482.60	1073.14
482.80	1107.95
483.00	1183.73
483.21	1079.28
483.41	1155.05
483.61	1114.10
483.82	1179.63
484.02	1038.32
484.22	1120.24
484.43	1118.19
484.63	1083.38
484.83	1148.91
485.03	1114.10
485.24	1101.81
485.44	1073.14
485.64	1130.48
485.85	1107.95
486.05	1099.76
486.25	1040.37
486.46	1138.67
486.66	1058.80
486.86	1132.53
487.06	1175.53
487.27	1120.24
487.47	1130.48
487.67	1138.67
487.88	1105.90
488.08	1122.29
488.28	1118.19
488.48	1091.57
488.69	1120.24
488.89	1093.62
489.09	1081.33
489.29	1155.05
489.50	1140.72
489.70	1081.33
489.90	1032.18
490.11	1056.75
490.31	1146.86
490.51	1169.39
490.71	1071.09
490.92	1091.57
491.12	1107.95
491.32	1103.86
491.52	1073.14
491.73	1138.67
491.93	1056.75
492.13	1087.47
492.33	1085.42
492.54	1116.14
492.74	1116.14
492.94	1101.81
493.14	1171.44
493.35	1097.71
493.55	1179.63
493.75	1085.42
493.95	1105.90
494.16	1110.00
494.36	1136.62
494.56	1091.57
494.76	1112.05
494.97	1036.27
495.17	1091.57
495.37	1048.56
495.57	1140.72
495.78	1114.10
495.98	1126.38
496.18	1128.43
496.38	1171.44
496.58	1071.09
496.79	1224.69
496.99	1019.89
497.19	1150.96
497.39	1114.10
497.60	1075.18
497.80	1157.10
498.00	1173.49
498.20	1105.90
498.40	1040.37
498.61	1110.00
498.81	1146.86
499.01	1150.96
499.21	1181.68
499.41	1081.33
499.62	1155.05
499.82	1081.33
500.02	1054.70
500.22	1038.32
500.43	1134.57
500.63	1118.19
500.83	1099.76
501.03	1142.77
501.23	1056.75
501.44	1138.67
501.64	1142.77
501.84	1218.54
502.04	1097.71
502.24	1040.37
502.44	1146.86
502.65	1148.91
502.85	1110.00
503.05	1032.18
503.25	1120.24
503.45	1171.44
503.66	1150.96
503.86	1118.19
504.06	1177.58
504.26	1093.62
504.46	1169.39
504.66	1097.71
504.87	1099.76
505.07	1114.10
505.27	1081.33
505.47	1163.25
505.67	1150.96
505.88	999.41
506.08	1091.57
506.28	1150.96
506.48	1034.22
506.68	1122.29
506.88	1150.96
507.08	1110.00
507.29	1099.76
507.49	1120.24
507.69	1087.47
507.89	1062.90
508.09	1196.01
508.29	1007.60
508.50	1066.99
508.70	1116.14
508.90	1089.52
509.10	1157.10
509.30	1140.72
509.50	1060.85
509.70	1153.01
509.91	1181.68
510.11	985.07
510.31	1110.00
510.51	1085.42
510.71	1142.77
510.91	1107.95
511.11	1077.23
511.32	1001.46
511.52	1159.15
511.72	1066.99
511.92	983.02
512.12	1163.25
512.32	1130.48
512.52	1091.57
512.72	1110.00
512.93	1128.43
513.13	1081.33
513.33	1097.71
513.53	1153.01
513.73	1150.96
513.93	1107.95
514.13	1048.56
514.33	1066.99
514.54	1206.25
514.74	1157.10
514.94	1099.76
515.14	1093.62
515.34	1056.75
515.54	1126.38
515.74	1126.38
515.94	1099.76
516.14	1159.15
516.35	1148.91
516.55	1097.71
516.75	1193.97
516.95	1054.70
517.15	1056.75
517.35	1105.90
517.55	1089.52
517.75	1159.15
517.95	1130.48
518.15	1103.86
518.35	1138.67
518.56	1204.21
518.76	1159.15
518.96	1042.42
519.16	1196.01
519.36	1091.57
519.56	1040.37
519.76	1153.01
519.96	1126.38
520.16	1187.82
520.36	1146.86
520.56	1150.96
520.76	1193.97
520.97	1103.86
521.17	1173.49
521.37	1040.37
521.57	1198.06
521.77	1128.43
521.97	1126.38
522.17	1083.38
522.37	1056.75
522.57	1136.62
522.77	1159.15
522.97	1114.10
523.17	1191.92
523.37	1091.57
523.57	1128.43
523.77	1171.44
523.97	1171.44
524.17	1128.43
524.38	1101.81
524.58	1077.23
524.78	1130.48
524.98	1146.86
525.18	1146.86
525.38	1099.76
525.58	1171.44
525.78	1056.75
525.98	1134.57
526.18	1089.52
526.38	1093.62
526.58	1099.76
526.78	1036.27
526.98	1189.87
527.18	1222.64
527.38	1126.38
527.58	1140.72
527.78	1122.29
527.98	1130.48
528.18	1165.29
528.38	1114.10
528.58	1085.42
528.78	1107.95
528.98	1206.25
529.18	1044.46
529.38	1089.52
529.58	1142.77
529.78	1282.03
529.98	1159.15
530.18	1071.09
530.38	1032.18
530.58	1130.48
530.78	1173.49
530.98	1056.75
531.18	1148.91
531.38	1163.25
531.58	1157.10
531.78	1159.15
531.98	1087.47
532.18	1091.57
532.38	1130.48
532.58	1157.10
532.78	1095.66
532.98	1187.82
533.18	1116.14
533.38	1126.38
533.58	1091.57
533.78	1122.29
533.98	1116.14
534.18	1050.61
534.38	1126.38
534.58	1122.29
534.78	1107.95
534.98	1097.71
535.18	1097.71
535.38	1048.56
535.58	1155.05
535.78	1089.52
535.98	1200.11
536.18	1079.28
536.38	1126.38
536.58	1081.33
536.78	1140.72
536.98	1105.90
537.18	1157.10
537.38	1110.00
537.58	1128.43
537.78	1091.57
537.98	1167.34
538.18	1101.81
538.38	1134.57
538.58	1069.04
538.78	1091.57
538.98	1105.90
539.18	1179.63
539.38	1163.25
539.58	1069.04
539.77	1142.77
539.97	1058.80
540.17	1165.29
540.37	1066.99
540.57	1138.67
540.77	1122.29
540.97	1040.37
541.17	1179.63
541.37	1105.90
541.57	1140.72
541.77	1128.43
541.97	1136.62
542.17	1122.29
542.37	1083.38
542.57	1071.09
542.77	1034.22
542.96	1163.25
543.16	1036.27
543.36	1087.47
543.56	1062.90
543.76	983.02
543.96	1216.49
544.16	1026.03
544.36	1181.68
544.56	1136.62
544.76	1110.00
544.96	1126.38
545.16	1116.14
545.35	1118.19
545.55	1140.72
545.75	1028.08
545.95	1110.00
546.15	1196.01
546.35	1075.18
546.55	1064.94
546.75	1120.24
546.95	1161.20
547.15	1077.23
547.35	1118.19
547.54	1050.61
547.74	1079.28
547.94	1116.14
548.14	1155.05
548.34	1181.68
548.54	1130.48
548.74	1148.91
548.94	1167.34
549.14	1062.90
549.33	1064.94
549.53	1169.39
549.73	1069.04
549.93	1097.71
550.13	1142.77
550.33	1097.71
550.53	1120.24
550.73	1169.39
550.92	1085.42
551.12	1155.05
551.32	1103.86
551.52	1110.00
551.72	1148.91
551.92	1118.19
552.12	1140.72
552.32	1089.52
552.51	1097.71
552.71	1081.33
552.91	1148.91
553.11	1087.47
553.31	1138.67
553.51	1122.29
553.71	1120.24
553.90	1163.25
554.10	1130.48
554.30	1146.86
554.50	1144.81
554.70	1148.91
554.90	1130.48
555.10	1095.66
555.29	1087.47
555.49	1103.86
555.69	1173.49
555.89	1114.10
556.09	1058.80
556.29	1239.02
556.48	1044.46
556.68	1060.85
556.88	1085.42
557.08	1128.43
557.28	1196.01
557.48	1181.68
557.67	1124.33
557.87	1169.39
558.07	1052.66
558.27	1077.23
558.47	1118.19
558.67	1124.33
558.86	1101.81
559.06	1144.81
559.26	1034.22
559.46	1081.33
559.66	1091.57
559.85	1099.76
560.05	1179.63
560.25	1097.71
560.45	1273.84
560.65	1122.29
560.84	1124.33
561.04	1124.33
561.24	1196.01
561.44	1148.91
561.64	995.31
561.83	1116.14
562.03	1163.25
562.23	1062.90
562.43	1042.42
562.63	1118.19
562.82	1118.19
563.02	1130.48
563.22	1028.08
563.42	1146.86
563.62	1064.94
563.81	1228.78
564.01	1052.66
564.21	1114.10
564.41	1144.81
564.61	1038.32
564.80	1069.04
565.00	1198.06
565.20	1064.94
565.40	1120.24
565.59	1214.45
565.79	1120.24
565.99	1097.71
566.19	1148.91
566.39	1159.15
566.58	1138.67
566.78	1116.14
566.98	1116.14
567.18	1157.10
567.37	1079.28
567.57	1042.42
567.77	1079.28
567.97	1050.61
568.16	1120.24
568.36	1085.42
568.56	1130.48
568.76	1066.99
568.95	1118.19
569.15	1118.19
569.35	1056.75
569.55	1087.47
569.74	1142.77
569.94	1130.48
570.14	1134.57
570.34	1075.18
570.53	1175.53
570.73	1126.38
570.93	1075.18
571.13	1228.78
571.32	1134.57
571.52	1140.72
571.72	1050.61
571.92	1069.04
572.11	970.74
572.31	1132.53
572.51	1159.15
572.70	1083.38
572.90	1101.81
573.10	1097.71
573.30	1089.52
573.49	1064.94
573.69	1134.57
573.89	1066.99
574.08	1091.57
574.28	1087.47
574.48	1132.53
574.68	1146.86
574.87	1138.67
575.07	1167.34
575.27	1042.42
575.46	1087.47
575.66	1175.53
575.86	1064.94
576.06	1099.76
576.25	1222.64
576.45	1140.72
576.65	1097.71
576.84	1081.33
577.04	1140.72
577.24	1124.33
577.43	1120.24
577.63	1118.19
577.83	1146.86
578.02	1089.52
578.22	1122.29
578.42	1138.67
578.62	1054.70
578.81	1148.91
579.01	1189.87
579.21	1110.00
579.40	1138.67
579.60	1138.67
579.80	1079.28
579.99	1144.81
580.19	1110.00
580.39	1081.33
580.58	1167.34
580.78	1087.47
580.98	1173.49
581.17	1150.96
581.37	1183.73
581.57	1052.66
581.76	1120.24
581.96	1085.42
582.16	1122.29
582.35	1062.90
582.55	1140.72
582.75	1126.38
582.94	964.59
583.14	1083.38
583.34	1130.48
583.53	1144.81
583.73	1122.29
583.92	1163.25
584.12	1150.96
584.32	1167.34
584.51	1155.05
584.71	1040.37
584.91	1116.14
585.10	1046.51
585.30	1114.10
585.50	1077.23
585.69	1107.95
585.89	1163.25
586.09	1058.80
586.28	1175.53
586.48	1083.38
586.67	1132.53
586.87	1132.53
587.07	985.07
587.26	1155.05
587.46	1107.95
587.66	1183.73
587.85	1101.81
588.05	1284.08
588.24	1196.01
588.44	1148.91
588.64	1146.86
588.83	1089.52
589.03	1282.03
589.22	1206.25
589.42	1097.71
589.62	1228.78
589.81	1239.02
590.01	1171.44
590.20	1134.57
590.40	1134.57
590.60	1079.28
590.79	1140.72
590.99	1122.29
591.18	1171.44
591.38	1132.53
591.58	1196.01
591.77	1122.29
591.97	1122.29
592.16	1132.53
592.36	1099.76
592.56	1036.27
592.75	1173.49
592.95	1130.48
593.14	1062.90
593.34	1040.37
593.53	1017.84
593.73	1073.14
593.93	1130.48
594.12	1073.14
594.32	1146.86
594.51	1183.73
594.71	1032.18
594.91	1144.81
595.10	1066.99
595.30	1062.90
595.49	1085.42
595.69	1091.57
595.88	1140.72
596.08	1077.23
596.27	1089.52
596.47	1116.14
596.67	1112.05
596.86	1046.51
597.06	1132.53
597.25	1140.72
597.45	1095.66
597.64	1146.86
597.84	1171.44
598.03	1071.09
598.23	1081.33
598.43	1171.44
598.62	1155.05
598.82	1105.90
599.01	1114.10
599.21	1138.67
599.40	1114.10
599.60	1148.91
599.79	1056.75
599.99	1097.71
600.18	1183.73
600.38	1150.96
600.57	1091.57
600.77	1066.99
600.96	1103.86
601.16	1036.27
601.36	1050.61
601.55	1191.92
601.75	1146.86
601.94	1118.19
602.14	1148.91
602.33	1120.24
602.53	1089.52
602.72	1081.33
602.92	1081.33
603.11	1069.04
603.31	1056.75
603.50	1101.81
603.70	1083.38
603.89	1058.80
604.09	1122.29
604.28	1097.71
604.48	1122.29
604.67	1073.14
604.87	1036.27
605.06	1085.42
605.26	1177.58
605.45	1181.68
605.65	1157.10
605.84	1095.66
606.04	1081.33
606.23	1064.94
606.43	1089.52
606.62	1077.23
606.82	1038.32
607.01	1247.21
607.21	1134.57
607.40	1118.19
607.59	1126.38
607.79	1157.10
607.98	1155.05
608.18	1120.24
608.37	1114.10
608.57	1056.75
608.76	989.17
608.96	1066.99
609.15	1173.49
609.35	1079.28
609.54	1101.81
609.74	1173.49
609.93	1060.85
610.13	1089.52
610.32	1124.33
610.51	1167.34
610.71	1288.17
610.90	1112.05
611.10	1073.14
611.29	1040.37
611.49	1146.86
611.68	1056.75
611.88	1173.49
612.07	1105.90
612.27	1093.62
612.46	1155.05
612.65	1150.96
612.85	1132.53
613.04	1066.99
613.24	1013.74
613.43	1028.08
613.63	997.36
613.82	1071.09
614.01	1134.57
614.21	1103.86
614.40	1013.74
614.60	1138.67
614.79	1167.34
614.99	1114.10
615.18	1107.95
615.37	1187.82
615.57	1136.62
615.76	1089.52
615.96	1077.23
616.15	1120.24
616.35	1134.57
616.54	1032.18
616.73	1134.57
616.93	1148.91
617.12	1126.38
617.32	1114.10
617.51	1126.38
617.70	1107.95
617.90	1114.10
618.09	1075.18
618.29	1095.66
618.48	1107.95
618.67	1187.82
618.87	1150.96
619.06	1093.62
619.26	1105.90
619.45	1107.95
619.64	1118.19
619.84	1159.15
620.03	1075.18
620.22	1196.01
620.42	1089.52
620.61	1181.68
620.81	1116.14
621.00	1066.99
621.19	1134.57
621.39	1142.77
621.58	1179.63
621.78	1079.28
621.97	1085.42
622.16	1140.72
622.36	1150.96
622.55	1138.67
622.74	1136.62
622.94	1124.33
623.13	1191.92
623.32	1159.15
623.52	1083.38
623.71	1159.15
623.91	1069.04
624.10	1097.71
624.29	1120.24
624.49	1157.10
624.68	1165.29
624.87	1153.01
625.07	1179.63
625.26	1159.15
625.45	1110.00
625.65	1122.29
625.84	1083.38
626.03	1249.26
626.23	1073.14
626.42	1144.81
626.61	1157.10
626.81	1140.72
627.00	1073.14
627.19	1126.38
627.39	1048.56
627.58	1114.10
627.77	1099.76
627.97	1173.49
628.16	1175.53
628.35	1122.29
628.55	1097.71
628.74	1163.25
628.93	1044.46
629.13	1148.91
629.32	1214.45
629.51	1163.25
629.71	1132.53
629.90	1196.01
630.09	1171.44
630.29	1140.72
630.48	1230.83
630.67	1153.01
630.86	1122.29
631.06	1236.97
631.25	1728.49
631.44	2893.78
631.64	4984.76
631.83	6969.24
632.02	8380.29
632.22	10209.12
632.41	12642.11
632.60	13608.75
632.79	14546.72
632.99	13811.50
633.18	12193.61
633.37	11339.60
633.57	11308.88
633.76	9197.43
633.95	9019.25
634.14	7319.44
634.34	6094.76
634.53	5144.50
634.72	4489.15
634.92	3461.07
635.11	2762.71
635.30	2183.13
635.49	1810.40
635.69	1648.61
635.88	1419.24
636.07	1261.55
636.26	1294.32
636.46	1300.46
636.65	1196.01
636.84	1185.77
637.03	1214.45
637.23	1224.69
637.42	1130.48
637.61	1163.25
637.80	1120.24
638.00	1216.49
638.19	1198.06
638.38	1112.05
638.57	1089.52
638.77	1150.96
638.96	1130.48
639.15	1181.68
639.34	1214.45
639.54	1056.75
639.73	1069.04
639.92	1193.97
640.11	1122.29
640.31	1146.86
640.50	1126.38
640.69	1122.29
640.88	1093.62
641.08	1124.33
641.27	1161.20
641.46	1083.38
641.65	1167.34
641.84	1066.99
642.04	1134.57
642.23	1179.63
642.42	1144.81
642.61	1083.38
642.81	1095.66
643.00	1099.76
643.19	1134.57
643.38	1198.06
643.57	1101.81
643.77	1093.62
643.96	1116.14
644.15	1091.57
644.34	1247.21
644.53	1142.77
644.73	1081.33
644.92	1128.43
645.11	1118.19
645.30	1034.22
645.49	1118.19
645.69	1093.62
645.88	1069.04
646.07	1161.20
646.26	1132.53
646.45	1112.05
646.65	1120.24
646.84	1085.42
647.03	1118.19
647.22	1075.18
647.41	1124.33
647.60	1126.38
647.80	1169.39
647.99	1101.81
648.18	1116.14
648.37	1093.62
648.56	1097.71
648.75	1091.57
648.95	1101.81
649.14	1105.90
649.33	1097.71
649.52	1101.81
649.71	1105.90
649.90	1089.52
650.10	1124.33
650.29	1101.81
650.48	1091.57
650.67	1107.95
650.86	1101.81
651.05	1075.18
651.25	1138.67
651.44	1128.43
651.63	1105.90
651.82	1124.33
652.01	1130.48
652.20	1153.01
652.39	1146.86
652.59	1058.80
652.78	1089.52
652.97	1097.71
653.16	1071.09
653.35	1155.05
653.54	1146.86
653.73	1150.96
653.93	1001.46
654.12	1157.10
654.31	1114.10
654.50	1083.38
654.69	1054.70
654.88	1130.48
655.07	1144.81
655.26	1120.24
655.45	1073.14
655.65	1110.00
655.84	1206.25
656.03	1122.29
656.22	1130.48
656.41	1105.90
656.60	1126.38
656.79	1118.19
656.98	1153.01
657.17	1122.29
657.37	1157.10
657.56	1155.05
657.75	1050.61
657.94	1122.29
658.13	1132.53
658.32	1071.09
658.51	1118.19
658.70	1140.72
658.89	1208.30
659.08	1099.76
659.28	1191.92
659.47	1116.14
659.66	1187.82
659.85	1173.49
660.04	1179.63
660.23	1103.86
660.42	1173.49
660.61	1136.62
660.80	1116.14
660.99	1165.29
661.18	1155.05
661.37	1048.56
661.56	1146.86
661.76	1083.38
661.95	1189.87
662.14	1179.63
662.33	1026.03
662.52	993.26
662.71	1146.86
662.90	1050.61
663.09	1163.25
663.28	1093.62
663.47	1146.86
663.66	1216.49
663.85	1183.73
664.04	1112.05
664.23	1032.18
664.42	1093.62
664.61	1132.53
664.80	1116.14
664.99	1181.68
665.19	1122.29
665.38	1087.47
665.57	1116.14
665.76	1097.71
665.95	1050.61
666.14	1183.73
666.33	1196.01
666.52	1083.38
666.71	1060.85
666.90	1105.90
667.09	1097.71
667.28	1105.90
667.47	1083.38
667.66	1091.57
667.85	1132.53
668.04	1124.33
668.23	1042.42
668.42	1073.14
668.61	1122.29
668.80	1146.86
668.99	1114.10
669.18	1208.30
669.37	1089.52
669.56	1140.72
669.75	1138.67
669.94	1046.51
670.13	1099.76
670.32	1077.23
670.51	1165.29
670.70	1110.00
670.89	1040.37
671.08	1091.57
671.27	1118.19
671.46	1052.66
671.65	1103.86
671.84	1093.62
672.03	1173.49
672.22	1040.37
672.41	1095.66
672.60	1167.34
672.79	1136.62
672.98	1040.37
673.17	1142.77
673.36	1163.25
673.55	1085.42
673.74	1142.77
673.93	1124.33
674.12	1087.47
674.31	1157.10
674.50	1150.96
674.69	1116.14
674.88	1120.24
675.07	1077.23
675.26	1060.85
675.45	1048.56
675.64	1132.53
675.82	1097.71
676.01	1114.10
676.20	1091.57
676.39	1079.28
676.58	1058.80
676.77	1120.24
676.96	1116.14
677.15	1026.03
677.34	1091.57
677.53	1085.42
677.72	1056.75
677.91	1095.66
678.10	1093.62
678.29	1085.42
678.48	1134.57
678.67	1105.90
678.86	1175.53
679.05	1163.25
679.23	1085.42
679.42	1142.77
679.61	1085.42
679.80	1140.72
679.99	1066.99
680.18	1105.90
680.37	1204.21
680.56	1093.62
680.75	1110.00
680.94	1116.14
681.13	1126.38
681.32	1114.10
681.51	1130.48
681.69	1064.94
681.88	1140.72
682.07	1071.09
682.26	1073.14
682.45	1083.38
682.64	1124.33
682.83	1181.68
683.02	1181.68
683.21	1173.49
683.40	1079.28
683.58	1165.29
683.77	1153.01
683.96	1107.95
684.15	1001.46
684.34	1091.57
684.53	1042.42
684.72	1134.57
684.91	1075.18
685.10	1097.71
685.28	1105.90
685.47	1122.29
685.66	1075.18
685.85	1122.29
686.04	1124.33
686.23	1077.23
686.42	1083.38
686.61	1155.05
686.79	1097.71
686.98	1150.96
687.17	1062.90
687.36	1142.77
687.55	1066.99
687.74	1077.23
687.93	1163.25
688.11	1148.91
688.30	1064.94
688.49	1132.53
688.68	1062.90
688.87	1019.89
689.06	1007.60
689.25	1007.60
689.43	1085.42
689.62	1091.57
689.81	1116.14
690.00	1118.19
690.19	1105.90
690.38	1132.53
690.56	1142.77
690.75	1132.53
690.94	1058.80
691.13	1116.14
691.32	1173.49
691.51	1089.52
691.69	1107.95
691.88	1132.53
692.07	1128.43
692.26	1130.48
692.45	1105.90
692.64	1071.09
692.82	1056.75
693.01	1138.67
693.20	1093.62
693.39	1030.13
693.58	1138.67
693.77	1130.48
693.95	1157.10
694.14	1130.48
694.33	1069.04
694.52	1130.48
694.71	1171.44
694.89	1159.15
695.08	1110.00
695.27	1185.77
695.46	1099.76
695.65	1099.76
695.83	1132.53
696.02	1095.66
696.21	1073.14
696.40	1099.76
696.59	1114.10
696.77	1058.80
696.96	1110.00
697.15	1107.95
697.34	1150.96
697.52	1196.01
697.71	1118.19
697.90	1114.10
698.09	1118.19
698.28	1179.63
698.46	1099.76
698.65	1116.14
698.84	1138.67
699.03	1101.81
699.21	1103.86
699.40	1155.05
699.59	1196.01
699.78	1091.57
699.96	1202.16
700.15	1032.18
700.34	1056.75
700.53	1140.72
700.72	1105.90
700.90	1130.48
701.09	1126.38
701.28	1132.53
701.47	1064.94
701.65	1140.72
701.84	1007.60
702.03	1150.96
702.21	1142.77
702.40	1134.57
702.59	1153.01
702.78	1153.01
702.96	1101.81
703.15	1157.10
703.34	1107.95
703.53	1114.10
703.71	1118.19
703.90	1034.22
704.09	1165.29
704.28	1163.25
704.46	1128.43
704.65	1079.28
704.84	1062.90
705.02	1142.77
705.21	1069.04
705.40	1071.09
705.59	1130.48
705.77	1167.34
705.96	1064.94
706.15	1165.29
706.33	1210.35
706.52	1161.20
706.71	1120.24
706.90	1042.42
707.08	1042.42
707.27	1175.53
707.46	1169.39
707.64	1132.53
707.83	1073.14
708.02	1056.75
708.20	1138.67
708.39	1089.52
708.58	1124.33
708.77	1183.73
708.95	1044.46
709.14	1095.66
709.33	1116.14
709.51	1157.10
709.70	1163.25
709.89	1122.29
710.07	1165.29
710.26	1206.25
710.45	1048.56
710.63	1101.81
710.82	1058.80
711.01	1171.44
711.19	1128.43
711.38	1122.29
711.57	1118.19
711.75	1046.51
711.94	1097.71
712.13	1153.01
712.31	1079.28
712.50	1044.46
712.69	1155.05
712.87	1150.96
713.06	1114.10
713.25	1081.33
713.43	1122.29
713.62	1089.52
713.81	1056.75
713.99	1181.68
714.18	1116.14
714.36	1167.34
714.55	1198.06
714.74	1114.10
714.92	1085.42
715.11	1136.62
715.30	1046.51
715.48	1083.38
715.67	1140.72
715.86	1126.38
716.04	1128.43
716.23	1079.28
716.41	1175.53
716.60	1150.96
716.79	1081.33
716.97	1140.72
717.16	1101.81
717.35	1163.25
717.53	1146.86
717.72	1163.25
717.90	1173.49
718.09	1089.52
718.28	1130.48
718.46	1157.10
718.65	1134.57
718.83	1097.71
719.02	1202.16
719.21	1148.91
719.39	1105.90
719.58	1107.95
719.76	1099.76
719.95	1085.42
720.14	1163.25
720.32	1126.38
720.51	1132.53
720.69	1118.19
720.88	1085.42
721.07	1155.05
721.25	1126.38
721.44	1118.19
721.62	1122.29
721.81	1150.96
721.99	1230.83
722.18	1034.22
722.37	1153.01
722.55	1089.52
722.74	1105.90
722.92	1171.44
723.11	1114.10
723.29	1128.43
723.48	1105.90
723.67	1114.10
723.85	1224.69
724.04	1136.62
724.22	1214.45
724.41	1066.99
724.59	1161.20
724.78	1083.38
724.96	1142.77
725.15	1136.62
725.34	1069.04
725.52	1153.01
725.71	1126.38
725.89	1032.18
726.08	1191.92
726.26	1054.70
726.45	1193.97
726.63	1118.19
726.82	1177.58
727.00	1079.28
727.19	1112.05
727.37	1163.25
727.56	1073.14
727.75	1060.85
727.93	1191.92
728.12	1023.98
728.30	1171.44
728.49	1138.67
728.67	1124.33
728.86	1169.39
729.04	1128.43
729.23	1085.42
729.41	1107.95
729.60	1071.09
729.78	993.26
729.97	1181.68
730.15	1099.76
730.34	1140.72
730.52	1148.91
730.71	1050.61
730.89	1120.24
731.08	1089.52
731.26	1083.38
731.45	1054.70
731.63	1173.49
731.82	1128.43
732.00	1150.96
732.19	1173.49
732.37	1179.63
732.56	1171.44
732.74	1099.76
732.93	1064.94
733.11	1175.53
733.30	1122.29
733.48	1185.77
733.67	1144.81
733.85	1198.06
734.04	1060.85
734.22	1193.97
734.41	1196.01
734.59	1056.75
734.77	1245.16
734.96	1071.09
735.14	1112.05
735.33	1124.33
735.51	1073.14
735.70	1081.33
735.88	1140.72
736.07	1130.48
736.25	1120.24
736.44	1122.29
736.62	1161.20
736.80	1136.62
736.99	1155.05
737.17	1042.42
737.36	1087.47
737.54	1120.24
737.73	1032.18
737.91	1153.01
738.10	1073.14
738.28	1122.29
738.46	1046.51
738.65	1159.15
738.83	1165.29
739.02	1110.00
739.20	1120.24
739.39	1112.05
739.57	1105.90
739.75	1222.64
739.94	1120.24
740.12	1126.38
740.31	1128.43
740.49	1177.58
740.68	1126.38
740.86	1126.38
741.04	1122.29
741.23	1075.18
741.41	1042.42
741.60	1015.79
741.78	1081.33
741.96	1114.10
742.15	1245.16
742.33	1148.91
742.52	978.93
742.70	1081.33
742.88	1212.40
743.07	1040.37
743.25	1073.14
743.44	1142.77
743.62	1073.14
743.80	1159.15
743.99	1150.96
744.17	1130.48
744.36	1202.16
744.54	1023.98
744.72	1107.95
744.91	1005.55
745.09	1118.19
745.27	1091.57
745.46	1146.86
745.64	1130.48
745.83	1155.05
746.01	1171.44
746.19	1212.40
746.38	1218.54
746.56	1081.33
746.74	1275.88
746.93	1097.71
747.11	1183.73
747.29	1138.67
747.48	1146.86
747.66	1136.62
747.85	1107.95
748.03	1089.52
748.21	1107.95
748.40	1122.29
748.58	1118.19
748.76	1114.10
748.95	1013.74
749.13	1114.10
749.31	1105.90
749.50	1122.29
749.68	1142.77
749.86	1048.56
750.05	1126.38
750.23	1075.18
750.41	1095.66
750.60	1185.77
750.78	1073.14
750.96	1165.29
751.15	1107.95
751.33	1132.53
751.51	1130.48
751.70	1155.05
751.88	1116.14
752.06	1150.96
752.25	1079.28
752.43	1155.05
752.61	1167.34
752.79	1105.90
752.98	1122.29
753.16	1077.23
753.34	1091.57
753.53	1179.63
753.71	1130.48
753.89	1173.49
754.08	1099.76
754.26	1138.67
754.44	1030.13
754.62	1114.10
754.81	1126.38
754.99	1155.05
755.17	1077.23
755.36	1126.38
755.54	1148.91
755.72	1234.93
755.91	1132.53
756.09	1101.81
756.27	1077.23
756.45	1089.52
756.64	1099.76
756.82	1138.67
757.00	1099.76
757.18	1103.86
757.37	1171.44
757.55	1097.71
757.73	1175.53
757.92	1060.85
758.10	1087.47
758.28	1075.18
758.46	1095.66
758.65	1105.90
758.83	1124.33
759.01	1136.62
759.19	1091.57
759.38	1095.66
759.56	1036.27
759.74	1132.53
759.92	1083.38
760.11	1116.14
760.29	1150.96
760.47	1013.74
760.65	1075.18
760.84	1060.85
761.02	1091.57
761.20	1114.10
761.38	1157.10
761.56	1124.33
761.75	1105.90
761.93	1095.66
762.11	1171.44
762.29	1140.72
762.48	1175.53
762.66	1118.19
762.84	1165.29
763.02	1150.96
763.20	1173.49
763.39	1200.11
763.57	1148.91
763.75	1019.89
763.93	1056.75
764.12	1155.05
764.30	1114.10
764.48	1167.34
764.66	1040.37
764.84	1163.25
765.03	1163.25
765.21	1198.06
765.39	1071.09
765.57	1036.27
765.75	1134.57
765.94	1118.19
766.12	1153.01
766.30	1183.73
766.48	1181.68
766.66	1120.24
766.84	1028.08
767.03	1126.38
767.21	1142.77
767.39	1122.29
767.57	1060.85
767.75	1169.39
767.94	1136.62
768.12	1163.25
768.30	1179.63
768.48	1081.33
768.66	1155.05
768.84	1103.86
769.03	1243.12
769.21	1122.29
769.39	1142.77
769.57	1191.92
769.75	1126.38
769.93	1097.71
770.11	1124.33
770.30	1105.90
770.48	1134.57
770.66	1066.99
770.84	1226.73
771.02	1126.38
771.20	1171.44
771.39	1140.72
771.57	1196.01
771.75	1112.05
771.93	1134.57
772.11	1103.86
772.29	1132.53
772.47	1179.63
772.65	1118.19
772.84	1146.86
773.02	1150.96
773.20	1185.77
773.38	1124.33
773.56	1155.05
773.74	1161.20
773.92	1060.85
774.10	1181.68
774.29	1148.91
774.47	1091.57
774.65	1116.14
774.83	1103.86
775.01	1159.15
775.19	1056.75
775.37	1122.29
775.55	1097.71
775.73	1105.90
775.92	1114.10
776.10	1052.66
776.28	1103.86
776.46	1064.94
776.64	1144.81
776.82	1187.82
777.00	1081.33
777.18	1118.19
777.36	1071.09
777.54	1179.63
777.72	1241.07
777.91	1130.48
778.09	1159.15
778.27	1163.25
778.45	1044.46
778.63	1081.33
778.81	1214.45
778.99	1126.38
779.17	1081.33
779.35	1056.75
779.53	1091.57
779.71	1015.79
779.89	1052.66
780.07	1163.25
780.25	1183.73
780.44	1163.25
780.62	1189.87
780.80	1146.86
780.98	1165.29
781.16	1073.14
781.34	1103.86
781.52	1101.81
781.70	1189.87
781.88	1150.96
782.06	1140.72
782.24	1126.38
782.42	995.31
782.60	1083.38
782.78	1093.62
782.96	1081.33
783.14	1116.14
783.32	1130.48
783.50	1187.82
783.68	1075.18
783.86	1124.33
784.04	1138.67
784.22	1167.34
784.40	1105.90
784.58	1185.77
784.76	993.26
784.95	1220.59
785.13	1110.00
785.31	1095.66
785.49	1165.29
785.67	1177.58
785.85	1066.99
786.03	1148.91
786.21	1101.81
786.39	1091.57
786.57	1179.63
786.75	1097.71
786.93	1134.57
787.11	1093.62
787.29	1165.29
787.47	1177.58
787.65	1171.44
787.83	1097.71
788.01	1103.86
788.19	1097.71
788.37	1048.56
788.55	1167.34
788.72	1058.80
788.90	1253.36
789.08	1114.10
789.26	1159.15
789.44	1167.34
789.62	1191.92
789.80	1126.38
789.98	1130.48
790.16	1114.10
790.34	1144.81
790.52	1138.67
790.70	1155.05
790.88	1048.56
791.06	1269.74
791.24	1101.81
791.42	1159.15
791.60	1155.05
791.78	1165.29
791.96	1122.29
792.14	1085.42
792.32	1083.38
792.50	1146.86
792.68	1112.05
792.86	1122.29
793.04	1019.89
793.22	1066.99
793.39	1181.68
793.57	1112.05
793.75	1083.38
793.93	1134.57
794.11	1181.68
794.29	1105.90
794.47	1161.20
794.65	1101.81
794.83	1087.47
795.01	1120.24
795.19	1054.70
795.37	1159.15
795.55	1148.91
795.73	1157.10
795.90	1085.42
796.08	1155.05
796.26	1095.66
796.44	1171.44
796.62	1138.67
796.80	1112.05
796.98	1169.39
797.16	1114.10
797.34	1066.99
797.52	1140.72
797.70	1181.68
797.87	1107.95
798.05	1232.88
798.23	1038.32
798.41	1081.33
798.59	1120.24
798.77	1112.05
798.95	1064.94
799.13	1122.29
799.31	1167.34
799.48	1140.72
799.66	1136.62
799.84	1157.10
800.02	1097.71
800.20	1153.01
800.38	1114.10
800.56	1097.71
800.74	1060.85
800.91	1081.33
801.09	1144.81
801.27	1142.77
801.45	1095.66
801.63	1130.48
801.81	1040.37
801.99	1179.63
802.16	1122.29
802.34	1087.47
802.52	1066.99
802.70	1083.38
802.88	1165.29
803.06	1105.90
803.24	1077.23
803.41	1138.67
803.59	1126.38
803.77	1185.77
803.95	1181.68
804.13	1136.62
804.31	1161.20
804.48	1124.33
804.66	1144.81
804.84	1015.79
805.02	1136.62
805.20	1083.38
805.38	1150.96
805.55	1183.73
805.73	1118.19
805.91	1161.20
806.09	1042.42
806.27	1093.62
806.44	1091.57
806.62	1132.53
806.80	1206.25
806.98	1155.05
807.16	1116.14
807.34	1071.09
807.51	1124.33
807.69	1087.47
807.87	1009.65
808.05	1097.71
808.23	1052.66
808.40	1128.43
808.58	1114.10
808.76	1232.88
808.94	1142.77
809.11	1155.05
809.29	1081.33
809.47	1064.94
809.65	1124.33
809.83	1081.33
810.00	1144.81
810.18	1058.80
810.36	1138.67
810.54	1126.38
810.72	1110.00
810.89	1107.95
811.07	1122.29
811.25	1185.77
811.43	1140.72
811.60	1114.10
811.78	1060.85
811.96	1116.14
812.14	1161.20
812.31	1093.62
812.49	1066.99
812.67	1097.71
812.85	1126.38
813.02	1103.86
813.20	1122.29
813.38	1193.97
813.56	1140.72
813.73	1222.64
813.91	1169.39
814.09	1093.62
814.27	1148.91
814.44	1064.94
814.62	1187.82
814.80	1140.72
814.98	1163.25
815.15	1226.73
815.33	1134.57
815.51	1077.23
815.69	1163.25
815.86	1138.67
816.04	1069.04
816.22	1005.55
816.39	1075.18
816.57	1126.38
816.75	1228.78
816.93	1212.40
817.10	1239.02
817.28	1138.67
817.46	1046.51
817.63	1140.72
817.81	1116.14
817.99	1103.86
818.17	1093.62
818.34	1097.71
818.52	1060.85
818.70	1044.46
818.87	1042.42
819.05	1142.77
819.23	1083.38
819.40	1073.14
819.58	1124.33
819.76	1081.33
819.93	1099.76
820.11	1044.46
820.29	1095.66
820.46	1204.21
820.64	1185.77
820.82	1241.07
821.00	1075.18
821.17	1138.67
821.35	1212.40
821.53	1187.82
821.70	1085.42
821.88	1110.00
822.06	1079.28
822.23	1165.29
822.41	1159.15
822.59	1144.81
822.76	1089.52
822.94	1175.53
823.11	1202.16
823.29	1138.67
823.47	1239.02
823.64	1159.15
823.82	1208.30
824.00	1066.99
824.17	1075.18
824.35	1146.86
824.53	1146.86
824.70	1105.90
824.88	1101.81
825.06	1032.18
825.23	1118.19
825.41	1089.52
825.58	995.31
825.76	1110.00
825.94	1083.38
826.11	1077.23
826.29	1083.38
826.47	1058.80
826.64	1349.61
826.82	1126.38
826.99	1056.75
827.17	1142.77
827.35	1101.81
827.52	968.69
827.70	1206.25
827.87	1101.81
828.05	1046.51
828.23	1136.62
828.40	1122.29
828.58	1253.36
828.75	1126.38
828.93	1052.66
829.11	1169.39
829.28	1277.93
829.46	1064.94
829.63	1110.00
829.81	1064.94
829.99	1146.86
830.16	1114.10
830.34	1091.57
830.51	1110.00
830.69	1032.18
830.87	1050.61
831.04	1138.67
831.22	1124.33
831.39	1069.04
831.57	1032.18
831.74	1114.10
831.92	1075.18
832.10	1105.90
832.27	1101.81
832.45	1105.90
832.62	1132.53
832.80	1171.44
832.97	1136.62
833.15	1089.52
833.32	1097.71
833.50	1085.42
833.68	1220.59
833.85	1173.49
834.03	1066.99
834.20	1116.14
834.38	1148.91
834.55	1163.25
834.73	1075.18
834.90	1112.05
835.08	1091.57
835.25	1064.94
835.43	1148.91
835.60	1073.14
835.78	1110.00
835.96	1081.33
836.13	1095.66
836.31	1046.51
836.48	1134.57
836.66	1075.18
836.83	1161.20
837.01	1163.25
837.18	1110.00
837.36	1081.33
837.53	1132.53
837.71	1150.96
837.88	1159.15
838.06	1130.48
838.23	1161.20
838.41	1196.01
838.58	1112.05
838.76	1130.48
838.93	1148.91
839.11	1073.14
839.28	1103.86
839.46	1116.14
839.63	1167.34
839.81	1087.47
839.98	1144.81
840.16	1103.86
840.33	1105.90
840.51	1077.23
840.68	1138.67
840.86	1118.19
841.03	1075.18
841.21	1040.37
841.38	1126.38
841.55	1159.15
841.73	1155.05
841.90	1140.72
842.08	1114.10
842.25	1107.95
842.43	1107.95
842.60	1112.05
842.78	1056.75
842.95	1058.80
843.13	1132.53
843.30	1044.46
843.48	1101.81
843.65	1079.28
843.82	1148.91
844.00	1093.62
844.17	1052.66
844.35	1042.42
844.52	1173.49
844.70	1062.90
844.87	1132.53
845.05	1179.63
845.22	1165.29
845.39	1144.81
845.57	1077.23
845.74	1222.64
845.92	1081.33
846.09	1085.42
846.27	1091.57
846.44	1097.71
846.61	1114.10
846.79	1075.18
846.96	1144.81
847.14	1110.00
847.31	1077.23
847.48	1136.62
847.66	1071.09
847.83	1097.71
848.01	1138.67
848.18	1124.33
848.35	1130.48
848.53	1130.48
848.70	1130.48
848.88	1019.89
849.05	1075.18
849.22	1114.10
849.40	1140.72
849.57	1036.27
849.75	1042.42
849.92	1171.44
850.09	1163.25
850.27	1163.25
850.44	1175.53
850.62	1110.00
850.79	1165.29
850.96	1114.10
851.14	1077.23
851.31	1177.58
851.48	1128.43
851.66	1042.42
851.83	1042.42
852.01	1064.94
852.18	1093.62
852.35	1157.10
852.53	1052.66
852.70	1120.24
852.87	1093.62
853.05	1196.01
853.22	1099.76
853.39	1245.16
853.57	1177.58
853.74	1056.75
853.91	1138.67
854.09	1069.04
854.26	1073.14
854.43	1073.14
854.61	1140.72
854.78	1056.75
854.95	1122.29
855.13	1212.40
855.30	1110.00
855.47	1155.05
855.65	1069.04
855.82	1187.82
855.99	1118.19
856.17	1212.40
856.34	1144.81
856.51	1066.99
856.69	1112.05
856.86	1112.05
857.03	1073.14
857.21	1091.57
857.38	1023.98
857.55	1146.86
857.73	1097.71
857.90	1122.29
858.07	1077.23
858.24	1126.38
858.42	1120.24
858.59	1136.62
858.76	1181.68
858.94	1085.42
859.11	1148.91
859.28	1107.95
859.46	1146.86
859.63	1077.23
859.80	1073.14
859.97	1153.01
860.15	1103.86
860.32	1124.33
860.49	1198.06
860.67	993.26
860.84	1126.38
861.01	1077.23
861.18	1142.77
861.36	1150.96
861.53	1177.58
861.70	1173.49
861.87	1196.01
862.05	1208.30
862.22	1114.10
862.39	1165.29
862.56	1150.96
862.74	1179.63
862.91	1128.43
863.08	1189.87
863.25	1140.72
863.43	1181.68
863.60	1150.96
863.77	1105.90
863.94	1138.67
864.12	1091.57
864.29	1144.81
864.46	1034.22
864.63	1036.27
864.81	1034.22
864.98	1130.48
865.15	1097.71
865.32	1159.15
865.50	1214.45
865.67	1064.94
865.84	1198.06
866.01	1081.33
866.18	1130.48
866.36	1101.81
866.53	1179.63
866.70	1140.72
866.87	1114.10
867.04	1034.22
867.22	1122.29
867.39	1155.05
867.56	1089.52
867.73	1089.52
867.90	1066.99
868.08	1075.18
868.25	1171.44
868.42	1101.81
868.59	1134.57
868.76	1134.57
868.94	1095.66
869.11	1099.76
869.28	1204.21
869.45	1056.75
869.62	1136.62
869.80	1103.86
869.97	1183.73
870.14	1148.91
870.31	1103.86
870.48	1120.24
870.65	1075.18
870.83	1140.72
871.00	1101.81
871.17	1134.57
871.34	1040.37
871.51	1066.99
871.68	1048.56
871.86	1112.05
872.03	1175.53
872.20	1052.66
872.37	1081.33
872.54	1105.90
872.71	1105.90
872.89	1206.25
873.06	1017.84
873.23	1228.78
873.40	1179.63
873.57	1208.30
873.74	1064.94
873.91	1093.62
874.09	1150.96
874.26	1157.10
874.43	1081.33
874.60	1087.47
874.77	1157.10
874.94	1103.86
875.11	1128.43
875.28	1105.90
875.46	1114.10
875.63	1124.33
875.80	1062.90
875.97	1120.24
876.14	1159.15
876.31	1171.44
876.48	1179.63
876.65	1159.15
876.82	1130.48
877.00	1155.05
877.17	1114.10
877.34	1085.42
877.51	1118.19
877.68	1069.04
877.85	1034.22
878.02	1079.28
878.19	1175.53
878.36	1077.23
878.53	1069.04
878.70	1073.14
878.88	1105.90
879.05	1140.72
879.22	1019.89
879.39	1099.76
879.56	1146.86
879.73	1144.81
879.90	1114.10
880.07	1175.53
880.24	1155.05
880.41	1134.57
880.58	1216.49
880.75	1167.34
880.92	1169.39
881.10	983.02
881.27	1056.75
881.44	1157.10
881.61	1163.25
881.78	1042.42
881.95	1153.01
882.12	1159.15
882.29	1101.81
882.46	1140.72
882.63	1122.29
882.80	1130.48
882.97	1118.19
883.14	1144.81
883.31	1144.81
883.48	1112.05
883.65	1107.95
883.82	1142.77
883.99	1083.38
884.16	1200.11
884.33	1157.10
884.50	1169.39
884.67	1144.81
884.84	1089.52
885.01	1134.57
885.18	1187.82
885.35	1124.33
885.52	1085.42
885.69	1189.87
885.86	1083.38
886.03	1097.71
886.21	1163.25
886.38	1126.38
886.55	1083.38
886.72	1097.71
886.89	1200.11
887.06	1124.33
887.23	1044.46
887.39	1138.67
887.56	1165.29
887.73	1122.29
887.90	1177.58
888.07	1116.14
888.24	1153.01
888.41	1122.29
888.58	1138.67
888.75	1196.01
888.92	1173.49
889.09	1243.12
889.26	1083.38
889.43	1142.77
889.60	1114.10
889.77	1130.48
889.94	1142.77
890.11	1146.86
890.28	1097.71
890.45	1114.10
890.62	1058.80
890.79	1142.77
890.96	1138.67
891.13	1056.75
891.30	1148.91
891.47	1116.14
891.64	1134.57
891.81	1112.05
891.98	1112.05
892.15	1081.33
892.32	1146.86
892.48	1126.38
892.65	1122.29
892.82	1085.42
892.99	1112.05
893.16	1183.73
893.33	1161.20
893.50	1052.66
893.67	1148.91
893.84	1144.81
894.01	1110.00
894.18	1146.86
894.35	1101.81
894.52	1200.11
894.68	1179.63
894.85	1114.10
895.02	1146.86
895.19	1091.57
