177.85	1110.00
178.07	1110.00
178.28	1110.00
178.50	1105.90
178.72	1148.91
178.94	1230.83
179.16	1267.69
179.38	1245.16
179.59	1259.50
179.81	1310.70
180.03	1236.97
180.25	1163.25
180.47	1228.78
180.68	1247.21
180.90	1185.77
181.12	1208.30
181.34	1296.36
181.56	1282.03
181.78	1208.30
181.99	1187.82
182.21	1245.16
182.43	1187.82
182.65	1269.74
182.87	1230.83
183.08	1290.22
183.30	1171.44
183.52	1271.79
183.74	1257.45
183.96	1277.93
184.17	1294.32
184.39	1163.25
184.61	1265.64
184.83	1253.36
185.05	1230.83
185.26	1294.32
185.48	1261.55
185.70	1185.77
185.92	1269.74
186.14	1228.78
186.35	1261.55
186.57	1273.84
186.79	1294.32
187.01	1214.45
187.23	1310.70
187.44	1226.73
187.66	1179.63
187.88	1122.29
188.10	1277.93
188.32	1253.36
188.53	1282.03
188.75	1222.64
188.97	1191.92
189.19	1198.06
189.41	1279.98
189.62	1269.74
189.84	1236.97
190.06	1153.01
190.28	1261.55
190.49	1144.81
190.71	1294.32
190.93	1361.90
191.15	1253.36
191.37	1249.26
191.58	1247.21
191.80	1302.51
192.02	1359.85
192.24	1255.40
192.45	1228.78
192.67	1304.56
192.89	1224.69
193.11	1257.45
193.33	1222.64
193.54	1282.03
193.76	1304.56
193.98	1212.40
194.20	1204.21
194.41	1286.12
194.63	1322.99
194.85	1255.40
195.07	1175.53
195.28	1253.36
195.50	1142.77
195.72	1294.32
195.94	1288.17
196.16	1304.56
196.37	1245.16
196.59	1189.87
196.81	1288.17
197.03	1327.08
197.24	1196.01
197.46	1310.70
197.68	1314.80
197.90	1267.69
198.11	1259.50
198.33	1132.53
198.55	1236.97
198.77	1271.79
198.98	1286.12
199.20	1146.86
199.42	1351.66
199.64	1239.02
199.85	1288.17
200.07	1249.26
200.29	1296.36
200.51	1296.36
200.72	1294.32
200.94	1253.36
201.16	1239.02
201.37	1249.26
201.59	1224.69
201.81	1335.28
202.03	1286.12
202.24	1286.12
202.46	1277.93
202.68	1286.12
202.90	1251.31
203.11	1245.16
203.33	1318.89
203.55	1292.27
203.77	1239.02
203.98	1339.37
204.20	1212.40
204.42	1163.25
204.63	1431.53
204.85	1300.46
205.07	1245.16
205.29	1273.84
205.50	1196.01
205.72	1212.40
205.94	1269.74
206.15	1292.27
206.37	1320.94
206.59	1239.02
206.81	1286.12
207.02	1218.54
207.24	1247.21
207.46	1214.45
207.67	1249.26
207.89	1232.88
208.11	1193.97
208.33	1241.07
208.54	1212.40
208.76	1183.73
208.98	1294.32
209.19	1322.99
209.41	1245.16
209.63	1261.55
209.85	1257.45
210.06	1218.54
210.28	1163.25
210.50	1232.88
210.71	1163.25
210.93	1179.63
211.15	1327.08
211.36	1259.50
211.58	1318.89
211.80	1314.80
212.02	1189.87
212.23	1200.11
212.45	1296.36
212.67	1232.88
212.88	1202.16
213.10	1210.35
213.32	1239.02
213.53	1196.01
213.75	1206.25
213.97	1339.37
214.18	1163.25
214.40	1236.97
214.62	1173.49
214.83	1165.29
215.05	1232.88
215.27	1212.40
215.48	1271.79
215.70	1245.16
215.92	1271.79
216.14	1402.86
216.35	1167.34
216.57	1298.41
216.79	1236.97
217.00	1216.49
217.22	1169.39
217.44	1236.97
217.65	1210.35
217.87	1245.16
218.09	1349.61
218.30	1277.93
218.52	1310.70
218.74	1181.68
218.95	1261.55
219.17	1216.49
219.39	1296.36
219.60	1261.55
219.82	1271.79
220.04	1187.82
220.25	1277.93
220.47	1171.44
220.69	1239.02
220.90	1259.50
221.12	1269.74
221.33	1282.03
221.55	1239.02
221.77	1251.31
221.98	1212.40
222.20	1245.16
222.42	1163.25
222.63	1169.39
222.85	1302.51
223.07	1228.78
223.28	1277.93
223.50	1228.78
223.72	1232.88
223.93	1269.74
224.15	1230.83
224.37	1261.55
224.58	1177.58
224.80	1247.21
225.01	1206.25
225.23	1294.32
225.45	1247.21
225.66	1294.32
225.88	1236.97
226.10	1302.51
226.31	1253.36
226.53	1230.83
226.75	1208.30
226.96	1193.97
227.18	1208.30
227.39	1091.57
227.61	1179.63
227.83	1165.29
228.04	1220.59
228.26	1204.21
228.48	1310.70
228.69	1294.32
228.91	1189.87
229.12	1269.74
229.34	1224.69
229.56	1140.72
229.77	1060.85
229.99	1310.70
230.21	1220.59
230.42	1232.88
230.64	1189.87
230.85	1277.93
231.07	1210.35
231.29	1185.77
231.50	1253.36
231.72	1179.63
231.93	1298.41
232.15	1277.93
232.37	1302.51
232.58	1226.73
232.80	1310.70
233.02	1296.36
233.23	1173.49
233.45	1288.17
233.66	1228.78
233.88	1261.55
234.10	1130.48
234.31	1228.78
234.53	1247.21
234.74	1228.78
234.96	1304.56
235.18	1222.64
235.39	1200.11
235.61	1253.36
235.82	1249.26
236.04	1222.64
236.25	1173.49
236.47	1269.74
236.69	1224.69
236.90	1247.21
237.12	1253.36
237.33	1255.40
237.55	1263.60
237.77	1204.21
237.98	1277.93
238.20	1284.08
238.41	1269.74
238.63	1302.51
238.85	1187.82
239.06	1212.40
239.28	1212.40
239.49	1232.88
239.71	1277.93
239.92	1218.54
240.14	1232.88
240.36	1312.75
240.57	1284.08
240.79	1187.82
241.00	1282.03
241.22	1196.01
241.43	1353.71
241.65	1230.83
241.87	1208.30
242.08	1259.50
242.30	1163.25
242.51	1198.06
242.73	1220.59
242.94	1187.82
243.16	1255.40
243.37	1228.78
243.59	1226.73
243.81	1263.60
244.02	1263.60
244.24	1169.39
244.45	1325.04
244.67	1214.45
244.88	1411.05
245.10	1157.10
245.31	1294.32
245.53	1228.78
245.75	1368.04
245.96	1298.41
246.18	1167.34
246.39	1292.27
246.61	1239.02
246.82	1228.78
247.04	1239.02
247.25	1241.07
247.47	1282.03
247.68	1206.25
247.90	1267.69
248.12	1245.16
248.33	1208.30
248.55	1245.16
248.76	1220.59
248.98	1226.73
249.19	1187.82
249.41	1263.60
249.62	1230.83
249.84	1255.40
250.05	1214.45
250.27	1247.21
250.48	1329.13
250.70	1257.45
250.92	1284.08
251.13	1288.17
251.35	1267.69
251.56	1267.69
251.78	1253.36
251.99	1200.11
252.21	1271.79
252.42	1257.45
252.64	1253.36
252.85	1175.53
253.07	1306.60
253.28	1261.55
253.50	1294.32
253.71	1142.77
253.93	1271.79
254.14	1320.94
254.36	1261.55
254.57	1095.66
254.79	1263.60
255.00	1253.36
255.22	1181.68
255.43	1220.59
255.65	1208.30
255.86	1292.27
256.08	1175.53
256.29	1243.12
256.51	1239.02
256.72	1243.12
256.94	1159.15
257.15	1241.07
257.37	1224.69
257.58	1286.12
257.80	1226.73
258.01	1294.32
258.23	1253.36
258.44	1306.60
258.66	1290.22
258.87	1249.26
259.09	1228.78
259.30	1210.35
259.52	1206.25
259.73	1232.88
259.95	1236.97
260.16	1351.66
260.38	1214.45
260.59	1310.70
260.81	1253.36
261.02	1183.73
261.24	1206.25
261.45	1146.86
261.67	1253.36
261.88	1251.31
262.10	1245.16
262.31	1271.79
262.53	1193.97
262.74	1255.40
262.96	1269.74
263.17	1241.07
263.38	1212.40
263.60	1245.16
263.81	1193.97
264.03	1257.45
264.24	1337.32
264.46	1282.03
264.67	1312.75
264.89	1265.64
265.10	1257.45
265.32	1228.78
265.53	1198.06
265.75	1251.31
265.96	1255.40
266.18	1228.78
266.39	1245.16
266.60	1196.01
266.82	1224.69
267.03	1181.68
267.25	1191.92
267.46	1263.60
267.68	1206.25
267.89	1208.30
268.11	1165.29
268.32	1234.93
268.54	1310.70
268.75	1312.75
268.96	1171.44
269.18	1236.97
269.39	1247.21
269.61	1224.69
269.82	1138.67
270.04	1224.69
270.25	1261.55
270.47	1251.31
270.68	1198.06
270.89	1226.73
271.11	1351.66
271.32	1236.97
271.54	1273.84
271.75	1275.88
271.97	1257.45
272.18	1173.49
272.39	1234.93
272.61	1142.77
272.82	1222.64
273.04	1265.64
273.25	1220.59
273.47	1155.05
273.68	1257.45
273.89	1236.97
274.11	1228.78
274.32	1302.51
274.54	1290.22
274.75	1247.21
274.97	1318.89
275.18	1155.05
275.39	1234.93
275.61	1134.57
275.82	1179.63
276.04	1304.56
276.25	1318.89
276.46	1245.16
276.68	1273.84
276.89	1239.02
277.11	1304.56
277.32	1148.91
277.54	1255.40
277.75	1255.40
277.96	1265.64
278.18	1175.53
278.39	1239.02
278.61	1165.29
278.82	1290.22
279.03	1163.25
279.25	1173.49
279.46	1267.69
279.68	1245.16
279.89	1245.16
280.10	1189.87
280.32	1239.02
280.53	1214.45
280.75	1232.88
280.96	1302.51
281.17	1279.98
281.39	1253.36
281.60	1306.60
281.81	1310.70
282.03	1261.55
282.24	1247.21
282.46	1206.25
282.67	1255.40
282.88	1130.48
283.10	1269.74
283.31	1257.45
283.53	1222.64
283.74	1320.94
283.95	1312.75
284.17	1196.01
284.38	1173.49
284.59	1253.36
284.81	1236.97
285.02	1239.02
285.24	1245.16
285.45	1318.89
285.66	1271.79
285.88	1142.77
286.09	1226.73
286.30	1255.40
286.52	1196.01
286.73	1134.57
286.94	1296.36
287.16	1165.29
287.37	1236.97
287.59	1329.13
287.80	1222.64
288.01	1189.87
288.23	1302.51
288.44	1437.67
288.65	1196.01
288.87	1196.01
289.08	1247.21
289.29	1298.41
289.51	1331.18
289.72	1220.59
289.93	1140.72
290.15	1249.26
290.36	1337.32
290.58	1292.27
290.79	1234.93
291.00	1261.55
291.22	1249.26
291.43	1255.40
291.64	1282.03
291.86	1224.69
292.07	1232.88
292.28	1159.15
292.50	1257.45
292.71	1181.68
292.92	1277.93
293.14	1208.30
293.35	1263.60
293.56	1105.90
293.78	1198.06
293.99	1288.17
294.20	1269.74
294.42	1249.26
294.63	1302.51
294.84	1249.26
295.06	1269.74
295.27	1232.88
295.48	1124.33
295.70	1267.69
295.91	1204.21
296.12	1210.35
296.34	1288.17
296.55	1286.12
296.76	1181.68
296.98	1253.36
297.19	1269.74
297.40	1218.54
297.61	1261.55
297.83	1173.49
298.04	1292.27
298.25	1155.05
298.47	1245.16
298.68	1187.82
298.89	1263.60
299.11	1216.49
299.32	1261.55
299.53	1312.75
299.75	1206.25
299.96	1245.16
300.17	1140.72
300.38	1269.74
300.60	1198.06
300.81	1363.95
301.02	1230.83
301.24	1216.49
301.45	1277.93
301.66	1236.97
301.88	1255.40
302.09	1249.26
302.30	1286.12
302.51	1155.05
302.73	1314.80
302.94	1236.97
303.15	1218.54
303.37	1181.68
303.58	1230.83
303.79	1196.01
304.00	1220.59
304.22	1236.97
304.43	1212.40
304.64	1279.98
304.86	1193.97
305.07	1210.35
305.28	1331.18
305.49	1181.68
305.71	1259.50
305.92	1347.56
306.13	1241.07
306.34	1253.36
306.56	1286.12
306.77	1155.05
306.98	1189.87
307.20	1271.79
307.41	1206.25
307.62	1294.32
307.83	1245.16
308.05	1228.78
308.26	1187.82
308.47	1179.63
308.68	1165.29
308.90	1204.21
309.11	1138.67
309.32	1200.11
309.53	1265.64
309.75	1222.64
309.96	1271.79
310.17	1261.55
310.38	1290.22
310.60	1263.60
310.81	1294.32
311.02	1220.59
311.23	1198.06
311.45	1210.35
311.66	1232.88
311.87	1304.56
312.08	1224.69
312.30	1253.36
312.51	1191.92
312.72	1187.82
312.93	1263.60
313.15	1198.06
313.36	1163.25
313.57	1120.24
313.78	1294.32
314.00	1200.11
314.21	1288.17
314.42	1222.64
314.63	1163.25
314.85	1241.07
315.06	1255.40
315.27	1243.12
315.48	1216.49
315.69	1251.31
315.91	1212.40
316.12	1269.74
316.33	1146.86
316.54	1279.98
316.76	1273.84
316.97	1282.03
317.18	1216.49
317.39	1181.68
317.60	1126.38
317.82	1200.11
318.03	1314.80
318.24	1292.27
318.45	1228.78
318.67	1224.69
318.88	1179.63
319.09	1320.94
319.30	1269.74
319.51	1216.49
319.73	1230.83
319.94	1282.03
320.15	1292.27
320.36	1179.63
320.57	1124.33
320.79	1112.05
321.00	1124.33
321.21	1255.40
321.42	1277.93
321.63	1247.21
321.85	1220.59
322.06	1228.78
322.27	1241.07
322.48	1329.13
322.69	1310.70
322.91	1263.60
323.12	1204.21
323.33	1279.98
323.54	1191.92
323.75	1271.79
323.97	1204.21
324.18	1198.06
324.39	1263.60
324.60	1263.60
324.81	1177.58
325.02	1236.97
325.24	1155.05
325.45	1236.97
325.66	1236.97
325.87	1150.96
326.08	1212.40
326.30	1241.07
326.51	1318.89
326.72	1236.97
326.93	1212.40
327.14	1286.12
327.35	1349.61
327.57	1253.36
327.78	1228.78
327.99	1247.21
328.20	1214.45
328.41	1247.21
328.62	1257.45
328.84	1267.69
329.05	1171.44
329.26	1304.56
329.47	1294.32
329.68	1257.45
329.89	1265.64
330.11	1234.93
330.32	1347.56
330.53	1337.32
330.74	1282.03
330.95	1327.08
331.16	1224.69
331.37	1304.56
331.59	1302.51
331.80	1218.54
332.01	1175.53
332.22	1193.97
332.43	1269.74
332.64	1277.93
332.86	1198.06
333.07	1245.16
333.28	1216.49
333.49	1261.55
333.70	1204.21
333.91	1204.21
334.12	1220.59
334.33	1267.69
334.55	1155.05
334.76	1198.06
334.97	1335.28
335.18	1230.83
335.39	1286.12
335.60	1292.27
335.81	1277.93
336.03	1163.25
336.24	1181.68
336.45	1177.58
336.66	1232.88
336.87	1339.37
337.08	1286.12
337.29	1232.88
337.50	1181.68
337.72	1247.21
337.93	1253.36
338.14	1257.45
338.35	1249.26
338.56	1191.92
338.77	1214.45
338.98	1241.07
339.19	1253.36
339.40	1255.40
339.62	1282.03
339.83	1273.84
340.04	1198.06
340.25	1191.92
340.46	1191.92
340.67	1214.45
340.88	1286.12
341.09	1269.74
341.30	1236.97
341.51	1138.67
341.73	1181.68
341.94	1142.77
342.15	1146.86
342.36	1165.29
342.57	1167.34
342.78	1357.80
342.99	1310.70
343.20	1220.59
343.41	1322.99
343.62	1171.44
343.84	1265.64
344.05	1189.87
344.26	1241.07
344.47	1224.69
344.68	1220.59
344.89	1269.74
345.10	1200.11
345.31	1335.28
345.52	1173.49
345.73	1179.63
345.94	1302.51
346.15	1263.60
346.37	1337.32
346.58	1245.16
346.79	1261.55
347.00	1220.59
347.21	1234.93
347.42	1181.68
347.63	1310.70
347.84	1314.80
348.05	1255.40
348.26	1183.73
348.47	1181.68
348.68	1277.93
348.89	1161.20
349.10	1241.07
349.31	1196.01
349.53	1198.06
349.74	1349.61
349.95	1214.45
350.16	1269.74
350.37	1329.13
350.58	1239.02
350.79	1312.75
351.00	1228.78
351.21	1312.75
351.42	1169.39
351.63	1261.55
351.84	1198.06
352.05	1191.92
352.26	1243.12
352.47	1146.86
352.68	1196.01
352.89	1226.73
353.10	1187.82
353.31	1322.99
353.52	1515.50
353.73	1189.87
353.95	1273.84
354.16	1169.39
354.37	1314.80
354.58	1316.84
354.79	1282.03
355.00	1230.83
355.21	1193.97
355.42	1304.56
355.63	1204.21
355.84	1255.40
356.05	1230.83
356.26	1284.08
356.47	1277.93
356.68	1259.50
356.89	1239.02
357.10	1214.45
357.31	1202.16
357.52	1204.21
357.73	1269.74
357.94	1302.51
358.15	1239.02
358.36	1253.36
358.57	1198.06
358.78	1245.16
358.99	1179.63
359.20	1222.64
359.41	1208.30
359.62	1241.07
359.83	1322.99
360.04	1294.32
360.25	1261.55
360.46	1187.82
360.67	1271.79
360.88	1216.49
361.09	1236.97
361.30	1230.83
361.51	1210.35
361.72	1236.97
361.93	1255.40
362.14	1245.16
362.35	1114.10
362.56	1265.64
362.77	1216.49
362.98	1331.18
363.19	1163.25
363.40	1290.22
363.61	1251.31
363.82	1153.01
364.03	1173.49
364.24	1228.78
364.45	1279.98
364.66	1468.39
364.87	1206.25
365.08	1243.12
365.29	1255.40
365.50	1267.69
365.71	1282.03
365.92	1286.12
366.13	1159.15
366.34	1288.17
366.55	1224.69
366.76	1224.69
366.97	1296.36
367.18	1286.12
367.39	1171.44
367.60	1173.49
367.81	1261.55
368.02	1236.97
368.23	1265.64
368.43	1261.55
368.64	1220.59
368.85	1196.01
369.06	1267.69
369.27	1251.31
369.48	1208.30
369.69	1157.10
369.90	1200.11
370.11	1265.64
370.32	1206.25
370.53	1282.03
370.74	1218.54
370.95	1249.26
371.16	1294.32
371.37	1241.07
371.58	1218.54
371.79	1263.60
372.00	1232.88
372.21	1228.78
372.42	1257.45
372.62	1163.25
372.83	1253.36
373.04	1187.82
373.25	1300.46
373.46	1304.56
373.67	1206.25
373.88	1196.01
374.09	1159.15
374.30	1214.45
374.51	1243.12
374.72	1206.25
374.93	1277.93
375.14	1267.69
375.35	1208.30
375.56	1325.04
375.76	1193.97
375.97	1212.40
376.18	1212.40
376.39	1261.55
376.60	1236.97
376.81	1296.36
377.02	1245.16
377.23	1304.56
377.44	1271.79
377.65	1148.91
377.86	1222.64
378.07	1189.87
378.27	1232.88
378.48	1198.06
378.69	1245.16
378.90	1157.10
379.11	1232.88
379.32	1208.30
379.53	1200.11
379.74	1212.40
379.95	1271.79
380.16	1271.79
380.36	1263.60
380.57	1288.17
380.78	1136.62
380.99	1257.45
381.20	1241.07
381.41	1167.34
381.62	1208.30
381.83	1234.93
382.04	1189.87
382.25	1273.84
382.45	1228.78
382.66	1224.69
382.87	1159.15
383.08	1239.02
383.29	1253.36
383.50	1247.21
383.71	1261.55
383.92	1247.21
384.12	1255.40
384.33	1169.39
384.54	1302.51
384.75	1261.55
384.96	1241.07
385.17	1153.01
385.38	1267.69
385.59	1142.77
385.79	1329.13
386.00	1302.51
386.21	1245.16
386.42	1259.50
386.63	1255.40
386.84	1267.69
387.05	1263.60
387.26	1232.88
387.46	1253.36
387.67	1234.93
387.88	1261.55
388.09	1257.45
388.30	1310.70
388.51	1302.51
388.72	1263.60
388.92	1292.27
389.13	1169.39
389.34	1189.87
389.55	1255.40
389.76	1220.59
389.97	1335.28
390.17	1277.93
390.38	1286.12
390.59	1339.37
390.80	1179.63
391.01	1206.25
391.22	1343.47
391.43	1316.84
391.63	1224.69
391.84	1198.06
392.05	1200.11
392.26	1181.68
392.47	1222.64
392.68	1157.10
392.88	1273.84
393.09	1193.97
393.30	1286.12
393.51	1196.01
393.72	1355.76
393.93	1214.45
394.13	1167.34
394.34	1230.83
394.55	1347.56
394.76	1273.84
394.97	1173.49
395.17	1200.11
395.38	1163.25
395.59	1247.21
395.80	1228.78
396.01	1236.97
396.22	1236.97
396.42	1267.69
396.63	1216.49
396.84	1183.73
397.05	1212.40
397.26	1222.64
397.46	1228.78
397.67	1269.74
397.88	1173.49
398.09	1253.36
398.30	1204.21
398.50	1187.82
398.71	1259.50
398.92	1249.26
399.13	1220.59
399.34	1243.12
399.54	1228.78
399.75	1216.49
399.96	1228.78
400.17	1222.64
400.38	1224.69
400.58	1277.93
400.79	1236.97
401.00	1187.82
401.21	1243.12
401.42	1273.84
401.62	1245.16
401.83	1220.59
402.04	1140.72
402.25	1187.82
402.45	1269.74
402.66	1228.78
402.87	1245.16
403.08	1302.51
403.29	1314.80
403.49	1142.77
403.70	1249.26
403.91	1290.22
404.12	1228.78
404.32	1185.77
404.53	1253.36
404.74	1187.82
404.95	1234.93
405.15	1175.53
405.36	1282.03
405.57	1228.78
405.78	1204.21
405.99	1253.36
406.19	1216.49
406.40	1251.31
406.61	1245.16
406.82	1177.58
407.02	1296.36
407.23	1153.01
407.44	1216.49
407.65	1288.17
407.85	1183.73
408.06	1187.82
408.27	1261.55
408.48	1161.20
408.68	1269.74
408.89	1259.50
409.10	1265.64
409.31	1343.47
409.51	1261.55
409.72	1236.97
409.93	1181.68
410.13	1327.08
410.34	1179.63
410.55	1357.80
410.76	1241.07
410.96	1220.59
411.17	1306.60
411.38	1220.59
411.59	1198.06
411.79	1222.64
412.00	1169.39
412.21	1239.02
412.42	1271.79
412.62	1286.12
412.83	1314.80
413.04	1212.40
413.24	1140.72
413.45	1265.64
413.66	1214.45
413.87	1376.24
414.07	1220.59
414.28	1298.41
414.49	1155.05
414.69	1198.06
414.90	1327.08
415.11	1212.40
415.32	1236.97
415.52	1271.79
415.73	1331.18
415.94	1325.04
416.14	1171.44
416.35	1290.22
416.56	1214.45
416.76	1279.98
416.97	1228.78
417.18	1277.93
417.39	1241.07
417.59	1259.50
417.80	1236.97
418.01	1322.99
418.21	1249.26
418.42	1308.65
418.63	1284.08
418.83	1253.36
419.04	1218.54
419.25	1198.06
419.45	1245.16
419.66	1286.12
419.87	1165.29
420.08	1232.88
420.28	1220.59
420.49	1222.64
420.70	1222.64
420.90	1290.22
421.11	1298.41
421.32	1171.44
421.52	1339.37
421.73	1253.36
421.94	1253.36
422.14	1224.69
422.35	1198.06
422.56	1212.40
422.76	1261.55
422.97	1224.69
423.18	1107.95
423.38	1236.97
423.59	1495.02
423.80	1232.88
424.00	1112.05
424.21	1308.65
424.42	1347.56
424.62	1150.96
424.83	1216.49
425.04	1093.62
425.24	1251.31
425.45	1179.63
425.65	1228.78
425.86	1206.25
426.07	1236.97
426.27	1314.80
426.48	1282.03
426.69	1343.47
426.89	1318.89
427.10	1220.59
427.31	1265.64
427.51	1253.36
427.72	1253.36
427.93	1224.69
428.13	1220.59
428.34	1241.07
428.54	1241.07
428.75	1224.69
428.96	1255.40
429.16	1236.97
429.37	1327.08
429.58	1247.21
429.78	1277.93
429.99	1232.88
430.19	1216.49
430.40	1263.60
430.61	1304.56
430.81	1155.05
431.02	1138.67
431.23	1271.79
431.43	1261.55
431.64	1228.78
431.84	1083.38
432.05	1165.29
432.26	1163.25
432.46	1224.69
432.67	1300.46
432.87	1222.64
433.08	1228.78
433.29	1122.29
433.49	1140.72
433.70	1282.03
433.91	1208.30
434.11	1169.39
434.32	1230.83
434.52	1290.22
434.73	1202.16
434.94	1191.92
435.14	1228.78
435.35	1185.77
435.55	1226.73
435.76	1255.40
435.96	1208.30
436.17	1259.50
436.38	1302.51
436.58	1255.40
436.79	1204.21
436.99	1187.82
437.20	1253.36
437.41	1279.98
437.61	1267.69
437.82	1261.55
438.02	1116.14
438.23	1277.93
438.43	1208.30
438.64	1271.79
438.85	1191.92
439.05	1296.36
439.26	1318.89
439.46	1232.88
439.67	1222.64
439.87	1345.52
440.08	1208.30
440.29	1222.64
440.49	1179.63
440.70	1241.07
440.90	1220.59
441.11	1374.19
441.31	1116.14
441.52	1200.11
441.73	1290.22
441.93	1255.40
442.14	1331.18
442.34	1239.02
442.55	1249.26
442.75	1351.66
442.96	1159.15
443.16	1253.36
443.37	1265.64
443.58	1220.59
443.78	1130.48
443.99	1298.41
444.19	1226.73
444.40	1234.93
444.60	1179.63
444.81	1243.12
445.01	1253.36
445.22	1214.45
445.42	1271.79
445.63	1282.03
445.83	1269.74
446.04	1204.21
446.25	1214.45
446.45	1210.35
446.66	1126.38
446.86	1279.98
447.07	1234.93
447.27	1318.89
447.48	1212.40
447.68	1146.86
447.89	1255.40
448.09	1253.36
448.30	1325.04
448.50	1177.58
448.71	1273.84
448.91	1236.97
449.12	1327.08
449.32	1275.88
449.53	1257.45
449.73	1279.98
449.94	1196.01
450.14	1273.84
450.35	1196.01
450.55	1191.92
450.76	1306.60
450.96	1230.83
451.17	1304.56
451.37	1261.55
451.58	1236.97
451.78	1247.21
451.99	1204.21
452.19	1222.64
452.40	1265.64
452.60	1314.80
452.81	1261.55
453.01	1224.69
453.22	1249.26
453.42	1302.51
453.63	1200.11
453.83	1253.36
454.04	1304.56
454.24	1196.01
454.45	1277.93
454.65	1236.97
454.86	1163.25
455.06	1259.50
455.27	1198.06
455.47	1329.13
455.68	1230.83
455.88	1232.88
456.09	1347.56
456.29	1249.26
456.50	1171.44
456.70	1230.83
456.91	1220.59
457.11	1239.02
457.31	1236.97
457.52	1198.06
457.72	1257.45
457.93	1210.35
458.13	1277.93
458.34	1263.60
458.54	1187.82
458.75	1249.26
458.95	1189.87
459.16	1224.69
459.36	1189.87
459.56	1249.26
459.77	1265.64
459.97	1232.88
460.18	1282.03
460.38	1126.38
460.59	1222.64
460.79	1253.36
461.00	1202.16
461.20	1222.64
461.41	1202.16
461.61	1191.92
461.81	1245.16
462.02	1085.42
462.22	1253.36
462.43	1185.77
462.63	1228.78
462.84	1275.88
463.04	1216.49
463.24	1249.26
463.45	1290.22
463.65	1284.08
463.86	1220.59
464.06	1273.84
464.27	1130.48
464.47	1224.69
464.67	1247.21
464.88	1179.63
465.08	1271.79
465.29	1257.45
465.49	1241.07
465.70	1204.21
465.90	1236.97
466.10	1245.16
466.31	1269.74
466.51	1251.31
466.72	1232.88
466.92	1183.73
467.12	1273.84
467.33	1179.63
467.53	1355.76
467.74	1273.84
467.94	1265.64
468.14	1292.27
468.35	1245.16
468.55	1279.98
468.76	1228.78
468.96	1255.40
469.16	1146.86
469.37	1212.40
469.57	1173.49
469.78	1345.52
469.98	1271.79
470.18	1275.88
470.39	1282.03
470.59	1243.12
470.80	1376.24
471.00	1210.35
471.20	1236.97
471.41	1198.06
471.61	1198.06
471.81	1196.01
472.02	1148.91
472.22	1239.02
472.43	1318.89
472.63	1239.02
472.83	1277.93
473.04	1277.93
473.24	1214.45
473.44	1216.49
473.65	1703.91
473.85	1193.97
474.06	1255.40
474.26	1282.03
474.46	1312.75
474.67	1138.67
474.87	1239.02
475.07	1318.89
475.28	1228.78
475.48	1296.36
475.68	1261.55
475.89	1277.93
476.09	1187.82
476.29	1191.92
476.50	1150.96
476.70	1128.43
476.91	1189.87
477.11	1230.83
477.31	1175.53
477.52	1191.92
477.72	1208.30
477.92	1204.21
478.13	1286.12
478.33	1196.01
478.53	1230.83
478.74	1290.22
478.94	1122.29
479.14	1247.21
479.35	1218.54
479.55	1255.40
479.75	1265.64
479.96	1173.49
480.16	1206.25
480.36	1314.80
480.57	1155.05
480.77	1167.34
480.97	1150.96
481.18	1339.37
481.38	1296.36
481.58	1236.97
481.79	1163.25
481.99	1249.26
482.19	1245.16
482.39	1230.83
482.60	1245.16
482.80	1286.12
483.00	1202.16
483.21	1191.92
483.41	1247.21
483.61	1208.30
483.82	1294.32
484.02	1232.88
484.22	1157.10
484.43	1202.16
484.63	1253.36
484.83	1294.32
485.03	1208.30
485.24	1239.02
485.44	1243.12
485.64	1218.54
485.85	1294.32
486.05	1245.16
486.25	1230.83
486.46	1208.30
486.66	1304.56
486.86	1271.79
487.06	1322.99
487.27	1202.16
487.47	1294.32
487.67	1236.97
487.88	1230.83
488.08	1144.81
488.28	1304.56
488.48	1239.02
488.69	1302.51
488.89	1196.01
489.09	1222.64
489.29	1239.02
489.50	1284.08
489.70	1263.60
489.90	1277.93
490.11	1200.11
490.31	1273.84
490.51	1253.36
490.71	1212.40
490.92	1173.49
491.12	1271.79
491.32	1189.87
491.52	1181.68
491.73	1218.54
491.93	1142.77
492.13	1189.87
492.33	1228.78
492.54	1255.40
492.74	1245.16
492.94	1302.51
493.14	1177.58
493.35	1155.05
493.55	1228.78
493.75	1204.21
493.95	1200.11
494.16	1230.83
494.36	1249.26
494.56	1163.25
494.76	1286.12
494.97	1218.54
495.17	1288.17
495.37	1224.69
495.57	1196.01
495.78	1290.22
495.98	1304.56
496.18	1257.45
496.38	1282.03
496.58	1200.11
496.79	1318.89
496.99	1228.78
497.19	1171.44
497.39	1298.41
497.60	1261.55
497.80	1290.22
498.00	1236.97
498.20	1288.17
498.40	1196.01
498.61	1314.80
498.81	1333.23
499.01	1294.32
499.21	1320.94
499.41	1144.81
499.62	1288.17
499.82	1310.70
500.02	1335.28
500.22	1155.05
500.43	1189.87
500.63	1249.26
500.83	1249.26
501.03	1267.69
501.23	1208.30
501.44	1257.45
501.64	1261.55
501.84	1320.94
502.04	1191.92
502.24	1269.74
502.44	1171.44
502.65	1282.03
502.85	1236.97
503.05	1204.21
503.25	1337.32
503.45	1294.32
503.66	1212.40
503.86	1243.12
504.06	1224.69
504.26	1273.84
504.46	1253.36
504.66	1220.59
504.87	1294.32
505.07	1327.08
505.27	1247.21
505.47	1335.28
505.67	1245.16
505.88	1130.48
506.08	1273.84
506.28	1173.49
506.48	1298.41
506.68	1265.64
506.88	1204.21
507.08	1265.64
507.29	1193.97
507.49	1202.16
507.69	1263.60
507.89	1183.73
508.09	1339.37
508.29	1214.45
508.50	1208.30
508.70	1153.01
508.90	1245.16
509.10	1224.69
509.30	1241.07
509.50	1236.97
509.70	1255.40
509.91	1245.16
510.11	1208.30
510.31	1179.63
510.51	1275.88
510.71	1239.02
510.91	1253.36
511.11	1282.03
511.32	1110.00
511.52	1327.08
511.72	1236.97
511.92	1261.55
512.12	1236.97
512.32	1251.31
512.52	1302.51
512.72	1265.64
512.93	1245.16
513.13	1232.88
513.33	1384.43
513.53	1089.52
513.73	1275.88
513.93	1269.74
514.13	1173.49
514.33	1171.44
514.54	1275.88
514.74	1267.69
514.94	1245.16
515.14	1263.60
515.34	1222.64
515.54	1294.32
515.74	1200.11
515.94	1263.60
516.14	1286.12
516.35	1333.23
516.55	1245.16
516.75	1296.36
516.95	1185.77
517.15	1138.67
517.35	1224.69
517.55	1218.54
517.75	1208.30
517.95	1310.70
518.15	1247.21
518.35	1230.83
518.56	1245.16
518.76	1200.11
518.96	1304.56
519.16	1294.32
519.36	1261.55
519.56	1271.79
519.76	1253.36
519.96	1228.78
520.16	1347.56
520.36	1222.64
520.56	1153.01
520.76	1277.93
520.97	1222.64
521.17	1157.10
521.37	1277.93
521.57	1302.51
521.77	1241.07
521.97	1214.45
522.17	1214.45
522.37	1150.96
522.57	1187.82
522.77	1257.45
522.97	1132.53
523.17	1282.03
523.37	1271.79
523.57	1171.44
523.77	1226.73
523.97	1359.85
524.17	1327.08
524.38	1228.78
524.58	1222.64
524.78	1187.82
524.98	1269.74
525.18	1294.32
525.38	1239.02
525.58	1269.74
525.78	1290.22
525.98	1228.78
526.18	1220.59
526.38	1241.07
526.58	1193.97
526.78	1226.73
526.98	1298.41
527.18	1161.20
527.38	1208.30
527.58	1271.79
527.78	1253.36
527.98	1247.21
528.18	1171.44
528.38	1216.49
528.58	1251.31
528.78	1232.88
528.98	1294.32
529.18	1165.29
529.38	1196.01
529.58	1320.94
529.78	1288.17
529.98	1337.32
530.18	1245.16
530.38	1335.28
530.58	1249.26
530.78	1265.64
530.98	1163.25
531.18	1318.89
531.38	1318.89
531.58	1261.55
531.78	1314.80
531.98	1179.63
532.18	1249.26
532.38	1263.60
532.58	1290.22
532.78	1200.11
532.98	1212.40
533.18	1247.21
533.38	1212.40
533.58	1181.68
533.78	1277.93
533.98	1277.93
534.18	1130.48
534.38	1220.59
534.58	1314.80
534.78	1232.88
534.98	1245.16
535.18	1157.10
535.38	1181.68
535.58	1222.64
535.78	1267.69
535.98	1296.36
536.18	1259.50
536.38	1290.22
536.58	1249.26
536.78	1187.82
536.98	1320.94
537.18	1212.40
537.38	1245.16
537.58	1189.87
537.78	1261.55
537.98	1294.32
538.18	1128.43
538.38	1320.94
538.58	1202.16
538.78	1232.88
538.98	1269.74
539.18	1251.31
539.38	1259.50
539.58	1206.25
539.77	1275.88
539.97	1253.36
540.17	1261.55
540.37	1273.84
540.57	1310.70
540.77	1261.55
540.97	1200.11
541.17	1298.41
541.37	1253.36
541.57	1236.97
541.77	1228.78
541.97	1288.17
542.17	1212.40
542.37	1259.50
542.57	1224.69
542.77	1269.74
542.96	1181.68
543.16	1308.65
543.36	1269.74
543.56	1196.01
543.76	1261.55
543.96	1316.84
544.16	1171.44
544.36	1322.99
544.56	1275.88
544.76	1196.01
544.96	1196.01
545.16	1286.12
545.35	1257.45
545.55	1204.21
545.75	1222.64
545.95	1288.17
546.15	1171.44
546.35	1286.12
546.55	1204.21
546.75	1255.40
546.95	1185.77
547.15	1200.11
547.35	1271.79
547.54	1181.68
547.74	1214.45
547.94	1267.69
548.14	1294.32
548.34	1261.55
548.54	1251.31
548.74	1193.97
548.94	1255.40
549.14	1267.69
549.33	1144.81
549.53	1304.56
549.73	1255.40
549.93	1314.80
550.13	1247.21
550.33	1212.40
550.53	1204.21
550.73	1265.64
550.92	1218.54
551.12	1132.53
551.32	1239.02
551.52	1175.53
551.72	1228.78
551.92	1312.75
552.12	1214.45
552.32	1212.40
552.51	1253.36
552.71	1222.64
552.91	1234.93
553.11	1112.05
553.31	1253.36
553.51	1200.11
553.71	1265.64
553.90	1212.40
554.10	1236.97
554.30	1263.60
554.50	1265.64
554.70	1230.83
554.90	1245.16
555.10	1220.59
555.29	1171.44
555.49	1255.40
555.69	1239.02
555.89	1181.68
556.09	1286.12
556.29	1306.60
556.48	1181.68
556.68	1239.02
556.88	1251.31
557.08	1167.34
557.28	1273.84
557.48	1327.08
557.67	1255.40
557.87	1288.17
558.07	1196.01
558.27	1216.49
558.47	1236.97
558.67	1175.53
558.86	1228.78
559.06	1212.40
559.26	1239.02
559.46	1179.63
559.66	1310.70
559.85	1269.74
560.05	1220.59
560.25	1318.89
560.45	1505.26
560.65	1277.93
560.84	1279.98
561.04	1228.78
561.24	1353.71
561.44	1396.71
561.64	1245.16
561.83	1257.45
562.03	1349.61
562.23	1216.49
562.43	1200.11
562.63	1261.55
562.82	1187.82
563.02	1296.36
563.22	1200.11
563.42	1239.02
563.62	1228.78
563.81	1302.51
564.01	1161.20
564.21	1392.62
564.41	1245.16
564.61	1189.87
564.80	1245.16
565.00	1443.82
565.20	1189.87
565.40	1271.79
565.59	1296.36
565.79	1320.94
565.99	1230.83
566.19	1333.23
566.39	1273.84
566.58	1189.87
566.78	1288.17
566.98	1261.55
567.18	1474.54
567.37	1239.02
567.57	1357.80
567.77	1400.81
567.97	1380.33
568.16	1472.49
568.36	1392.62
568.56	1454.06
568.76	1470.44
568.95	1449.96
569.15	1517.54
569.35	1519.59
569.55	1359.85
569.74	1433.58
569.94	1378.28
570.14	1308.65
570.34	1220.59
570.53	1230.83
570.73	1204.21
570.93	1234.93
571.13	1347.56
571.32	1296.36
571.52	1277.93
571.72	1226.73
571.92	1261.55
572.11	1220.59
572.31	1206.25
572.51	1232.88
572.70	1277.93
572.90	1329.13
573.10	1265.64
573.30	1335.28
573.49	1187.82
573.69	1277.93
573.89	1216.49
574.08	1269.74
574.28	1253.36
574.48	1286.12
574.68	1279.98
574.87	1275.88
575.07	1243.12
575.27	1181.68
575.46	1224.69
575.66	1298.41
575.86	1257.45
576.06	1304.56
576.25	1353.71
576.45	1204.21
576.65	1228.78
576.84	1265.64
577.04	1279.98
577.24	1370.09
577.43	1286.12
577.63	1222.64
577.83	1343.47
578.02	1271.79
578.22	1222.64
578.42	1259.50
578.62	1216.49
578.81	1236.97
579.01	1198.06
579.21	1335.28
579.40	1282.03
579.60	1302.51
579.80	1245.16
579.99	1308.65
580.19	1230.83
580.39	1331.18
580.58	1222.64
580.78	1253.36
580.98	1261.55
581.17	1253.36
581.37	1306.60
581.57	1290.22
581.76	1224.69
581.96	1212.40
582.16	1306.60
582.35	1290.22
582.55	1368.04
582.75	1327.08
582.94	1189.87
583.14	1335.28
583.34	1361.90
583.53	1286.12
583.73	1286.12
583.92	1310.70
584.12	1325.04
584.32	1429.48
584.51	1386.47
584.71	1384.43
584.91	1290.22
585.10	1300.46
585.30	1458.15
585.50	1398.76
585.69	1370.09
585.89	1361.90
586.09	1355.76
586.28	1411.05
586.48	1560.55
586.67	1433.58
586.87	1576.94
587.07	1843.17
587.26	2566.10
587.46	4476.86
587.66	7802.76
587.85	12523.33
588.05	18919.14
588.24	26297.97
588.44	34852.33
588.64	42831.22
588.83	49552.65
589.03	54762.68
589.22	57023.64
589.42	57689.23
589.62	55354.55
589.81	50746.62
590.01	45407.56
590.20	41231.75
590.40	33922.55
590.60	29181.51
590.79	24102.54
590.99	19187.42
591.18	15302.42
591.38	11280.21
591.58	8851.32
591.77	6139.81
591.97	4339.65
592.16	3366.86
592.36	2564.06
592.56	2066.40
592.75	1855.46
592.95	1712.10
593.14	1490.92
593.34	1490.92
593.53	1456.11
593.73	1437.67
593.93	1540.07
594.12	1384.43
594.32	1443.82
594.51	1449.96
594.71	1279.98
594.91	1329.13
595.10	1335.28
595.30	1351.66
595.49	1378.28
595.69	1314.80
595.88	1386.47
596.08	1413.10
596.27	1318.89
596.47	1351.66
596.67	1347.56
596.86	1306.60
597.06	1277.93
597.25	1218.54
597.45	1314.80
597.64	1421.29
597.84	1329.13
598.03	1343.47
598.23	1312.75
598.43	1345.52
598.62	1337.32
598.82	1286.12
599.01	1298.41
599.21	1224.69
599.40	1257.45
599.60	1331.18
599.79	1255.40
599.99	1318.89
600.18	1234.93
600.38	1314.80
600.57	1257.45
600.77	1327.08
600.96	1304.56
601.16	1296.36
601.36	1271.79
601.55	1286.12
601.75	1310.70
601.94	1269.74
602.14	1325.04
602.33	1411.05
602.53	1271.79
602.72	1277.93
602.92	1290.22
603.11	1251.31
603.31	1253.36
603.50	1333.23
603.70	1183.73
603.89	1263.60
604.09	1314.80
604.28	1327.08
604.48	1302.51
604.67	1253.36
604.87	1257.45
605.06	1255.40
605.26	1279.98
605.45	1353.71
605.65	1290.22
605.84	1232.88
606.04	1218.54
606.23	1224.69
606.43	1269.74
606.62	1241.07
606.82	1230.83
607.01	1327.08
607.21	1298.41
607.40	1294.32
607.59	1232.88
607.79	1269.74
607.98	1296.36
608.18	1302.51
608.37	1310.70
608.57	1329.13
608.76	1261.55
608.96	1284.08
609.15	1288.17
609.35	1263.60
609.54	1204.21
609.74	1318.89
609.93	1212.40
610.13	1259.50
610.32	1265.64
610.51	1204.21
610.71	1445.87
610.90	1269.74
611.10	1224.69
611.29	1228.78
611.49	1255.40
611.68	1210.35
611.88	1335.28
612.07	1277.93
612.27	1277.93
612.46	1206.25
612.65	1247.21
612.85	1159.15
613.04	1179.63
613.24	1279.98
613.43	1191.92
613.63	1216.49
613.82	1298.41
614.01	1269.74
614.21	1288.17
614.40	1181.68
614.60	1265.64
614.79	1294.32
614.99	1277.93
615.18	1335.28
615.37	1368.04
615.57	1269.74
615.76	1249.26
615.96	1335.28
616.15	1318.89
616.35	1325.04
616.54	1277.93
616.73	1310.70
616.93	1306.60
617.12	1224.69
617.32	1265.64
617.51	1322.99
617.70	1249.26
617.90	1255.40
618.09	1245.16
618.29	1226.73
618.48	1294.32
618.67	1284.08
618.87	1292.27
619.06	1204.21
619.26	1277.93
619.45	1318.89
619.64	1175.53
619.84	1345.52
620.03	1245.16
620.22	1302.51
620.42	1255.40
620.61	1294.32
620.81	1304.56
621.00	1286.12
621.19	1255.40
621.39	1208.30
621.58	1279.98
621.78	1290.22
621.97	1298.41
622.16	1249.26
622.36	1228.78
622.55	1181.68
622.74	1204.21
622.94	1251.31
623.13	1202.16
623.32	1308.65
623.52	1173.49
623.71	1206.25
623.91	1216.49
624.10	1302.51
624.29	1212.40
624.49	1239.02
624.68	1271.79
624.87	1368.04
625.07	1271.79
625.26	1255.40
625.45	1271.79
625.65	1173.49
625.84	1271.79
626.03	1290.22
626.23	1298.41
626.42	1261.55
626.61	1249.26
626.81	1314.80
627.00	1241.07
627.19	1224.69
627.39	1288.17
627.58	1210.35
627.77	1150.96
627.97	1333.23
628.16	1236.97
628.35	1249.26
628.55	1327.08
628.74	1339.37
628.93	1187.82
629.13	1273.84
629.32	1228.78
629.51	1304.56
629.71	1159.15
629.90	1232.88
630.09	1267.69
630.29	1107.95
630.48	1222.64
630.67	1196.01
630.86	1236.97
631.06	1173.49
631.25	1290.22
631.44	1181.68
631.64	1253.36
631.83	1236.97
632.02	1294.32
632.22	1179.63
632.41	1222.64
632.60	1284.08
632.79	1214.45
632.99	1251.31
633.18	1263.60
633.37	1277.93
633.57	1222.64
633.76	1230.83
633.95	1271.79
634.14	1191.92
634.34	1183.73
634.53	1273.84
634.72	1327.08
634.92	1220.59
635.11	1222.64
635.30	1286.12
635.49	1294.32
635.69	1279.98
635.88	1187.82
636.07	1122.29
636.26	1243.12
636.46	1259.50
636.65	1245.16
636.84	1220.59
637.03	1318.89
637.23	1351.66
637.42	1286.12
637.61	1226.73
637.80	1273.84
638.00	1320.94
638.19	1183.73
638.38	1200.11
638.57	1204.21
638.77	1329.13
638.96	1327.08
639.15	1304.56
639.34	1234.93
639.54	1210.35
639.73	1206.25
639.92	1271.79
640.11	1257.45
640.31	1284.08
640.50	1277.93
640.69	1175.53
640.88	1204.21
641.08	1224.69
641.27	1308.65
641.46	1216.49
641.65	1142.77
641.84	1157.10
642.04	1171.44
642.23	1204.21
642.42	1259.50
642.61	1288.17
642.81	1212.40
643.00	1181.68
643.19	1189.87
643.38	1294.32
643.57	1257.45
643.77	1241.07
643.96	1282.03
644.15	1236.97
644.34	1282.03
644.53	1226.73
644.73	1171.44
644.92	1241.07
645.11	1159.15
645.30	1267.69
645.49	1253.36
645.69	1202.16
645.88	1232.88
646.07	1300.46
646.26	1271.79
646.45	1253.36
646.65	1241.07
646.84	1294.32
647.03	1255.40
647.22	1224.69
647.41	1163.25
647.60	1239.02
647.80	1277.93
647.99	1220.59
648.18	1173.49
648.37	1181.68
648.56	1265.64
648.75	1273.84
648.95	1165.29
649.14	1255.40
649.33	1286.12
649.52	1269.74
649.71	1294.32
649.90	1224.69
650.10	1212.40
650.29	1282.03
650.48	1140.72
650.67	1200.11
650.86	1230.83
651.05	1218.54
651.25	1255.40
651.44	1212.40
651.63	1247.21
651.82	1255.40
652.01	1249.26
652.20	1255.40
652.39	1200.11
652.59	1157.10
652.78	1173.49
652.97	1204.21
653.16	1193.97
653.35	1294.32
653.54	1288.17
653.73	1236.97
653.93	1228.78
654.12	1318.89
654.31	1261.55
654.50	1185.77
654.69	1226.73
654.88	1288.17
655.07	1257.45
655.26	1294.32
655.45	1204.21
655.65	1306.60
655.84	1335.28
656.03	1175.53
656.22	1196.01
656.41	1212.40
656.60	1204.21
656.79	1249.26
656.98	1298.41
657.17	1298.41
657.37	1204.21
657.56	1265.64
657.75	1157.10
657.94	1196.01
658.13	1230.83
658.32	1298.41
658.51	1236.97
658.70	1212.40
658.89	1239.02
659.08	1312.75
659.28	1288.17
659.47	1304.56
659.66	1351.66
659.85	1265.64
660.04	1318.89
660.23	1253.36
660.42	1202.16
660.61	1212.40
660.80	1222.64
660.99	1302.51
661.18	1216.49
661.37	1130.48
661.56	1304.56
661.76	1204.21
661.95	1277.93
662.14	1284.08
662.33	1271.79
662.52	1220.59
662.71	1196.01
662.90	1230.83
663.09	1212.40
663.28	1255.40
663.47	1214.45
663.66	1368.04
663.85	1261.55
664.04	1234.93
664.23	1208.30
664.42	1255.40
664.61	1218.54
664.80	1159.15
664.99	1232.88
665.19	1288.17
665.38	1163.25
665.57	1322.99
665.76	1210.35
665.95	1320.94
666.14	1187.82
666.33	1277.93
666.52	1220.59
666.71	1191.92
666.90	1222.64
667.09	1269.74
667.28	1286.12
667.47	1161.20
667.66	1214.45
667.85	1345.52
668.04	1259.50
668.23	1159.15
668.42	1236.97
668.61	1273.84
668.80	1155.05
668.99	1191.92
669.18	1257.45
669.37	1212.40
669.56	1243.12
669.75	1263.60
669.94	1165.29
670.13	1214.45
670.32	1249.26
670.51	1279.98
670.70	1212.40
670.89	1222.64
671.08	1247.21
671.27	1173.49
671.46	1196.01
671.65	1251.31
671.84	1269.74
672.03	1228.78
672.22	1269.74
672.41	1269.74
672.60	1288.17
672.79	1294.32
672.98	1179.63
673.17	1243.12
673.36	1214.45
673.55	1335.28
673.74	1155.05
673.93	1226.73
674.12	1322.99
674.31	1226.73
674.50	1253.36
674.69	1277.93
674.88	1214.45
675.07	1255.40
675.26	1198.06
675.45	1230.83
675.64	1236.97
675.82	1251.31
676.01	1312.75
676.20	1261.55
676.39	1222.64
676.58	1273.84
676.77	1236.97
676.96	1189.87
677.15	1228.78
677.34	1196.01
677.53	1224.69
677.72	1329.13
677.91	1210.35
678.10	1175.53
678.29	1265.64
678.48	1288.17
678.67	1228.78
678.86	1241.07
679.05	1249.26
679.23	1322.99
679.42	1279.98
679.61	1279.98
679.80	1279.98
679.99	1187.82
680.18	1284.08
680.37	1282.03
680.56	1273.84
680.75	1236.97
680.94	1269.74
681.13	1206.25
681.32	1320.94
681.51	1296.36
681.69	1241.07
681.88	1275.88
682.07	1263.60
682.26	1288.17
682.45	1220.59
682.64	1148.91
682.83	1241.07
683.02	1277.93
683.21	1296.36
683.40	1236.97
683.58	1239.02
683.77	1286.12
683.96	1163.25
684.15	1232.88
684.34	1277.93
684.53	1202.16
684.72	1288.17
684.91	1234.93
685.10	1253.36
685.28	1320.94
685.47	1253.36
685.66	1124.33
685.85	1267.69
686.04	1269.74
686.23	1245.16
686.42	1196.01
686.61	1304.56
686.79	1236.97
686.98	1208.30
687.17	1220.59
687.36	1249.26
687.55	1167.34
687.74	1306.60
687.93	1234.93
688.11	1239.02
688.30	1257.45
688.49	1245.16
688.68	1181.68
688.87	1181.68
689.06	1155.05
689.25	1163.25
689.43	1243.12
689.62	1232.88
689.81	1263.60
690.00	1253.36
690.19	1210.35
690.38	1273.84
690.56	1269.74
690.75	1265.64
690.94	1228.78
691.13	1269.74
691.32	1296.36
691.51	1236.97
691.69	1214.45
691.88	1271.79
692.07	1279.98
692.26	1353.71
692.45	1294.32
692.64	1185.77
692.82	1251.31
693.01	1261.55
693.20	1171.44
693.39	1239.02
693.58	1228.78
693.77	1214.45
693.95	1181.68
694.14	1181.68
694.33	1189.87
694.52	1255.40
694.71	1249.26
694.89	1198.06
695.08	1204.21
695.27	1222.64
695.46	1294.32
695.65	1376.24
695.83	1302.51
696.02	1372.14
696.21	1429.48
696.40	1501.16
696.59	1310.70
696.77	1388.52
696.96	1290.22
697.15	1271.79
697.34	1343.47
697.52	1335.28
697.71	1302.51
697.90	1337.32
698.09	1294.32
698.28	1339.37
698.46	1179.63
698.65	1304.56
698.84	1306.60
699.03	1277.93
699.21	1374.19
699.40	1224.69
699.59	1167.34
699.78	1306.60
699.96	1318.89
700.15	1214.45
700.34	1155.05
700.53	1187.82
700.72	1214.45
700.90	1208.30
701.09	1191.92
701.28	1224.69
701.47	1220.59
701.65	1239.02
701.84	1191.92
702.03	1257.45
702.21	1218.54
702.40	1271.79
702.59	1271.79
702.78	1292.27
702.96	1226.73
703.15	1206.25
703.34	1316.84
703.53	1259.50
703.71	1193.97
703.90	1263.60
704.09	1224.69
704.28	1210.35
704.46	1306.60
704.65	1196.01
704.84	1249.26
705.02	1271.79
705.21	1290.22
705.40	1282.03
705.59	1204.21
705.77	1298.41
705.96	1185.77
706.15	1247.21
706.33	1304.56
706.52	1318.89
706.71	1378.28
706.90	1306.60
707.08	1343.47
707.27	1320.94
707.46	1343.47
707.64	1314.80
707.83	1318.89
708.02	1140.72
708.20	1316.84
708.39	1286.12
708.58	1320.94
708.77	1247.21
708.95	1169.39
709.14	1247.21
709.33	1255.40
709.51	1282.03
709.70	1308.65
709.89	1255.40
710.07	1318.89
710.26	1232.88
710.45	1218.54
710.63	1204.21
710.82	1253.36
711.01	1232.88
711.19	1179.63
711.38	1191.92
711.57	1265.64
711.75	1269.74
711.94	1185.77
712.13	1279.98
712.31	1312.75
712.50	1187.82
712.69	1279.98
712.87	1171.44
713.06	1169.39
713.25	1236.97
713.43	1263.60
713.62	1187.82
713.81	1279.98
713.99	1222.64
714.18	1187.82
714.36	1271.79
714.55	1298.41
714.74	1171.44
714.92	1163.25
715.11	1265.64
715.30	1286.12
715.48	1232.88
715.67	1255.40
715.86	1249.26
716.04	1253.36
716.23	1236.97
716.41	1269.74
716.60	1265.64
716.79	1239.02
716.97	1189.87
717.16	1275.88
717.35	1282.03
717.53	1279.98
717.72	1189.87
717.90	1253.36
718.09	1253.36
718.28	1241.07
718.46	1253.36
718.65	1243.12
718.83	1236.97
719.02	1218.54
719.21	1171.44
719.39	1218.54
719.58	1261.55
719.76	1253.36
719.95	1304.56
720.14	1249.26
720.32	1212.40
720.51	1302.51
720.69	1269.74
720.88	1175.53
721.07	1267.69
721.25	1261.55
721.44	1265.64
721.62	1327.08
721.81	1247.21
721.99	1255.40
722.18	1220.59
722.37	1298.41
722.55	1173.49
722.74	1245.16
722.92	1286.12
723.11	1247.21
723.29	1210.35
723.48	1290.22
723.67	1325.04
723.85	1257.45
724.04	1263.60
724.22	1382.38
724.41	1210.35
724.59	1273.84
724.78	1187.82
724.96	1212.40
725.15	1204.21
725.34	1253.36
725.52	1269.74
725.71	1146.86
725.89	1200.11
726.08	1128.43
726.26	1228.78
726.45	1220.59
726.63	1292.27
726.82	1298.41
727.00	1288.17
727.19	1183.73
727.37	1351.66
727.56	1169.39
727.75	1134.57
727.93	1259.50
728.12	1245.16
728.30	1267.69
728.49	1284.08
728.67	1196.01
728.86	1327.08
729.04	1247.21
729.23	1204.21
729.41	1275.88
729.60	1140.72
729.78	1228.78
729.97	1185.77
730.15	1245.16
730.34	1288.17
730.52	1247.21
730.71	1212.40
730.89	1273.84
731.08	1263.60
731.26	1245.16
731.45	1171.44
731.63	1245.16
731.82	1187.82
732.00	1155.05
732.19	1202.16
732.37	1220.59
732.56	1200.11
732.74	1241.07
732.93	1282.03
733.11	1253.36
733.30	1212.40
733.48	1277.93
733.67	1257.45
733.85	1196.01
734.04	1245.16
734.22	1193.97
734.41	1341.42
734.59	1208.30
734.77	1269.74
734.96	1257.45
735.14	1277.93
735.33	1255.40
735.51	1255.40
735.70	1255.40
735.88	1257.45
736.07	1245.16
736.25	1261.55
736.44	1171.44
736.62	1298.41
736.80	1189.87
736.99	1327.08
737.17	1228.78
737.36	1202.16
737.54	1296.36
737.73	1402.86
737.91	1439.72
738.10	1409.00
738.28	1376.24
738.46	1286.12
738.65	1392.62
738.83	1355.76
739.02	1337.32
739.20	1292.27
739.39	1343.47
739.57	1230.83
739.75	1396.71
739.94	1347.56
740.12	1236.97
740.31	1282.03
740.49	1273.84
740.68	1214.45
740.86	1245.16
741.04	1132.53
741.23	1230.83
741.41	1224.69
741.60	1245.16
741.78	1216.49
741.96	1259.50
742.15	1220.59
742.33	1261.55
742.52	1173.49
742.70	1236.97
742.88	1171.44
743.07	1265.64
743.25	1222.64
743.44	1236.97
743.62	1130.48
743.80	1337.32
743.99	1322.99
744.17	1191.92
744.36	1261.55
744.54	1245.16
744.72	1159.15
744.91	1236.97
745.09	1179.63
745.27	1257.45
745.46	1261.55
745.64	1277.93
745.83	1198.06
746.01	1312.75
746.19	1261.55
746.38	1247.21
746.56	1214.45
746.74	1300.46
746.93	1228.78
747.11	1267.69
747.29	1304.56
747.48	1327.08
747.66	1243.12
747.85	1347.56
748.03	1267.69
748.21	1267.69
748.40	1212.40
748.58	1202.16
748.76	1310.70
748.95	1157.10
749.13	1329.13
749.31	1249.26
749.50	1312.75
749.68	1288.17
749.86	1351.66
750.05	1335.28
750.23	1368.04
750.41	1400.81
750.60	1361.90
750.78	1400.81
750.96	1329.13
751.15	1366.00
751.33	1363.95
751.51	1378.28
751.70	1327.08
751.88	1384.43
752.06	1275.88
752.25	1236.97
752.43	1370.09
752.61	1347.56
752.79	1249.26
752.98	1230.83
753.16	1212.40
753.34	1206.25
753.53	1228.78
753.71	1306.60
753.89	1277.93
754.08	1261.55
754.26	1288.17
754.44	1153.01
754.62	1181.68
754.81	1322.99
754.99	1294.32
755.17	1218.54
755.36	1257.45
755.54	1286.12
755.72	1376.24
755.91	1169.39
756.09	1232.88
756.27	1216.49
756.45	1245.16
756.64	1212.40
756.82	1288.17
757.00	1157.10
757.18	1345.52
757.37	1249.26
757.55	1300.46
757.73	1277.93
757.92	1107.95
758.10	1265.64
758.28	1257.45
758.46	1212.40
758.65	1286.12
758.83	1286.12
759.01	1265.64
759.19	1263.60
759.38	1269.74
759.56	1214.45
759.74	1259.50
759.92	1196.01
760.11	1183.73
760.29	1245.16
760.47	1153.01
760.65	1189.87
760.84	1222.64
761.02	1220.59
761.20	1200.11
761.38	1335.28
761.56	1284.08
761.75	1314.80
761.93	1277.93
762.11	1245.16
762.29	1206.25
762.48	1474.54
762.66	1490.92
762.84	1638.38
763.02	1613.80
763.20	1648.61
763.39	1746.92
763.57	1716.20
763.75	1665.00
763.93	1476.59
764.12	1523.69
764.30	1476.59
764.48	1511.40
764.66	1417.19
764.84	1495.02
765.03	1382.38
765.21	1476.59
765.39	1433.58
765.57	1425.39
765.75	1509.35
765.94	1597.42
766.12	1746.92
766.30	1699.81
766.48	1740.77
766.66	1527.78
766.84	1484.78
767.03	1474.54
767.21	1466.35
767.39	1366.00
767.57	1298.41
767.75	1386.47
767.94	1327.08
768.12	1308.65
768.30	1361.90
768.48	1277.93
768.66	1318.89
768.84	1421.29
769.03	1515.50
769.21	1400.81
769.39	1378.28
769.57	1456.11
769.75	1425.39
769.93	1470.44
770.11	1482.73
770.30	1409.00
770.48	1464.30
770.66	1337.32
770.84	1468.39
771.02	1325.04
771.20	1392.62
771.39	1339.37
771.57	1449.96
771.75	1484.78
771.93	1429.48
772.11	1486.83
772.29	1552.36
772.47	1441.77
772.65	1521.64
772.84	1384.43
773.02	1429.48
773.20	1370.09
773.38	1372.14
773.56	1376.24
773.74	1286.12
773.92	1232.88
774.10	1308.65
774.29	1331.18
774.47	1286.12
774.65	1224.69
774.83	1245.16
775.01	1218.54
775.19	1210.35
775.37	1255.40
775.55	1263.60
775.73	1232.88
775.92	1257.45
776.10	1216.49
776.28	1279.98
776.46	1148.91
776.64	1220.59
776.82	1236.97
777.00	1253.36
777.18	1236.97
777.36	1185.77
777.54	1204.21
777.72	1318.89
777.91	1294.32
778.09	1220.59
778.27	1298.41
778.45	1220.59
778.63	1206.25
778.81	1302.51
778.99	1259.50
779.17	1187.82
779.35	1173.49
779.53	1212.40
779.71	1171.44
779.89	1249.26
780.07	1341.42
780.25	1298.41
780.44	1306.60
780.62	1224.69
780.80	1302.51
780.98	1232.88
781.16	1241.07
781.34	1212.40
781.52	1245.16
781.70	1314.80
781.88	1208.30
782.06	1277.93
782.24	1236.97
782.42	1134.57
782.60	1261.55
782.78	1279.98
782.96	1290.22
783.14	1220.59
783.32	1335.28
783.50	1279.98
783.68	1343.47
783.86	1236.97
784.04	1331.18
784.22	1296.36
784.40	1286.12
784.58	1253.36
784.76	1273.84
784.95	1261.55
785.13	1181.68
785.31	1320.94
785.49	1277.93
785.67	1232.88
785.85	1181.68
786.03	1220.59
786.21	1198.06
786.39	1263.60
786.57	1273.84
786.75	1282.03
786.93	1245.16
787.11	1167.34
787.29	1208.30
787.47	1277.93
787.65	1179.63
787.83	1236.97
788.01	1241.07
788.19	1316.84
788.37	1122.29
788.55	1286.12
788.72	1183.73
788.90	1286.12
789.08	1226.73
789.26	1339.37
789.44	1236.97
789.62	1271.79
789.80	1212.40
789.98	1310.70
790.16	1253.36
790.34	1198.06
790.52	1310.70
790.70	1236.97
790.88	1206.25
791.06	1310.70
791.24	1265.64
791.42	1308.65
791.60	1247.21
791.78	1363.95
791.96	1243.12
792.14	1193.97
792.32	1187.82
792.50	1267.69
792.68	1286.12
792.86	1269.74
793.04	1247.21
793.22	1212.40
793.39	1345.52
793.57	1232.88
793.75	1247.21
793.93	1359.85
794.11	1351.66
794.29	1355.76
794.47	1388.52
794.65	1380.33
794.83	1353.71
795.01	1261.55
795.19	1298.41
795.37	1320.94
795.55	1277.93
795.73	1304.56
795.90	1239.02
796.08	1376.24
796.26	1288.17
796.44	1347.56
796.62	1251.31
796.80	1322.99
796.98	1341.42
797.16	1220.59
797.34	1236.97
797.52	1255.40
797.70	1265.64
797.87	1228.78
798.05	1290.22
798.23	1189.87
798.41	1236.97
798.59	1214.45
798.77	1196.01
798.95	1273.84
799.13	1318.89
799.31	1204.21
799.48	1228.78
799.66	1255.40
799.84	1241.07
800.02	1232.88
800.20	1261.55
800.38	1335.28
800.56	1310.70
800.74	1306.60
800.91	1253.36
801.09	1476.59
801.27	1400.81
801.45	1433.58
801.63	1392.62
801.81	1257.45
801.99	1366.00
802.16	1288.17
802.34	1261.55
802.52	1243.12
802.70	1392.62
802.88	1343.47
803.06	1261.55
803.24	1263.60
803.41	1265.64
803.59	1335.28
803.77	1261.55
803.95	1236.97
804.13	1232.88
804.31	1363.95
804.48	1196.01
804.66	1292.27
804.84	1159.15
805.02	1255.40
805.20	1251.31
805.38	1271.79
805.55	1181.68
805.73	1253.36
805.91	1224.69
806.09	1220.59
806.27	1228.78
806.44	1271.79
806.62	1212.40
806.80	1247.21
806.98	1304.56
807.16	1335.28
807.34	1234.93
807.51	1277.93
807.69	1279.98
807.87	1273.84
808.05	1187.82
808.23	1202.16
808.40	1294.32
808.58	1257.45
808.76	1384.43
808.94	1296.36
809.11	1400.81
809.29	1296.36
809.47	1337.32
809.65	1300.46
809.83	1349.61
810.00	1398.76
810.18	1337.32
810.36	1378.28
810.54	1474.54
810.72	1476.59
810.89	1472.49
811.07	1648.61
811.25	1703.91
811.43	1607.66
811.60	1654.76
811.78	1552.36
811.96	1478.63
812.14	1382.38
812.31	1380.33
812.49	1363.95
812.67	1441.77
812.85	1363.95
813.02	1308.65
813.20	1361.90
813.38	1331.18
813.56	1400.81
813.73	1482.73
813.91	1331.18
814.09	1284.08
814.27	1247.21
814.44	1312.75
814.62	1308.65
814.80	1267.69
814.98	1308.65
815.15	1282.03
815.33	1269.74
815.51	1282.03
815.69	1144.81
815.86	1302.51
816.04	1255.40
816.22	1214.45
816.39	1230.83
816.57	1294.32
816.75	1347.56
816.93	1288.17
817.10	1449.96
817.28	1368.04
817.46	1370.09
817.63	1486.83
817.81	1392.62
817.99	1460.20
818.17	1464.30
818.34	1572.84
818.52	1705.96
818.70	1621.99
818.87	1591.27
819.05	1765.35
819.23	1585.13
819.40	1720.29
819.58	1619.94
819.76	1644.52
819.93	1535.98
820.11	1490.92
820.29	1359.85
820.46	1499.11
820.64	1501.16
820.82	1454.06
821.00	1417.19
821.17	1443.82
821.35	1425.39
821.53	1406.95
821.70	1390.57
821.88	1294.32
822.06	1339.37
822.23	1284.08
822.41	1296.36
822.59	1439.72
822.76	1351.66
822.94	1292.27
823.11	1304.56
823.29	1220.59
823.47	1322.99
823.64	1255.40
823.82	1359.85
824.00	1222.64
824.17	1249.26
824.35	1228.78
824.53	1286.12
824.70	1263.60
824.88	1257.45
825.06	1236.97
825.23	1304.56
825.41	1220.59
825.58	1224.69
825.76	1230.83
825.94	1269.74
826.11	1329.13
826.29	1376.24
826.47	1245.16
826.64	1658.85
826.82	1304.56
826.99	1236.97
827.17	1187.82
827.35	1277.93
827.52	1204.21
827.70	1239.02
827.87	1273.84
828.05	1243.12
828.23	1187.82
828.40	1312.75
828.58	1269.74
828.75	1277.93
828.93	1296.36
829.11	1316.84
829.28	1316.84
829.46	1191.92
829.63	1269.74
829.81	1241.07
829.99	1196.01
830.16	1288.17
830.34	1243.12
830.51	1216.49
830.69	1236.97
830.87	1181.68
831.04	1298.41
831.22	1222.64
831.39	1269.74
831.57	1191.92
831.74	1277.93
831.92	1275.88
832.10	1249.26
832.27	1196.01
832.45	1247.21
832.62	1318.89
832.80	1206.25
832.97	1306.60
833.15	1189.87
833.32	1230.83
833.50	1277.93
833.68	1220.59
833.85	1284.08
834.03	1179.63
834.20	1236.97
834.38	1271.79
834.55	1239.02
834.73	1216.49
834.90	1247.21
835.08	1308.65
835.25	1263.60
835.43	1243.12
835.60	1222.64
835.78	1163.25
835.96	1306.60
836.13	1273.84
836.31	1220.59
836.48	1206.25
836.66	1241.07
836.83	1300.46
837.01	1181.68
837.18	1155.05
837.36	1271.79
837.53	1257.45
837.71	1208.30
837.88	1298.41
838.06	1318.89
838.23	1372.14
838.41	1312.75
838.58	1169.39
838.76	1411.05
838.93	1355.76
839.11	1310.70
839.28	1179.63
839.46	1282.03
839.63	1359.85
839.81	1314.80
839.98	1263.60
840.16	1226.73
840.33	1296.36
840.51	1275.88
840.68	1228.78
840.86	1296.36
841.03	1171.44
841.21	1296.36
841.38	1302.51
841.55	1409.00
841.73	1304.56
841.90	1271.79
842.08	1300.46
842.25	1339.37
842.43	1312.75
842.60	1290.22
842.78	1263.60
842.95	1286.12
843.13	1308.65
843.30	1286.12
843.48	1310.70
843.65	1314.80
843.82	1335.28
844.00	1255.40
844.17	1210.35
844.35	1294.32
844.52	1279.98
844.70	1363.95
844.87	1304.56
845.05	1327.08
845.22	1370.09
845.39	1282.03
845.57	1239.02
845.74	1257.45
845.92	1196.01
846.09	1239.02
846.27	1261.55
846.44	1306.60
846.61	1271.79
846.79	1187.82
846.96	1312.75
847.14	1286.12
847.31	1214.45
847.48	1302.51
847.66	1196.01
847.83	1261.55
848.01	1279.98
848.18	1298.41
848.35	1155.05
848.53	1271.79
848.70	1339.37
848.88	1171.44
849.05	1212.40
849.22	1275.88
849.40	1208.30
849.57	1249.26
849.75	1214.45
849.92	1265.64
850.09	1161.20
850.27	1245.16
850.44	1320.94
850.62	1189.87
850.79	1216.49
850.96	1177.58
851.14	1196.01
851.31	1368.04
851.48	1277.93
851.66	1314.80
851.83	1200.11
852.01	1236.97
852.18	1216.49
852.35	1222.64
852.53	1222.64
852.70	1294.32
852.87	1257.45
853.05	1282.03
853.22	1204.21
853.39	1253.36
853.57	1294.32
853.74	1271.79
853.91	1271.79
854.09	1353.71
854.26	1247.21
854.43	1171.44
854.61	1210.35
854.78	1136.62
854.95	1210.35
855.13	1255.40
855.30	1269.74
855.47	1257.45
855.65	1226.73
855.82	1271.79
855.99	1296.36
856.17	1269.74
856.34	1355.76
856.51	1185.77
856.69	1335.28
856.86	1257.45
857.03	1230.83
857.21	1255.40
857.38	1155.05
857.55	1282.03
857.73	1284.08
857.90	1234.93
858.07	1224.69
858.24	1290.22
858.42	1306.60
858.59	1245.16
858.76	1239.02
858.94	1294.32
859.11	1288.17
859.28	1220.59
859.46	1183.73
859.63	1228.78
859.80	1310.70
859.97	1341.42
860.15	1220.59
860.32	1255.40
860.49	1271.79
860.67	1189.87
860.84	1218.54
861.01	1200.11
861.18	1277.93
861.36	1261.55
861.53	1269.74
861.70	1179.63
861.87	1284.08
862.05	1261.55
862.22	1255.40
862.39	1236.97
862.56	1169.39
862.74	1290.22
862.91	1230.83
863.08	1189.87
863.25	1310.70
863.43	1241.07
863.60	1390.57
863.77	1175.53
863.94	1257.45
864.12	1212.40
864.29	1253.36
864.46	1163.25
864.63	1269.74
864.81	1279.98
864.98	1357.80
865.15	1165.29
865.32	1253.36
865.50	1298.41
865.67	1275.88
865.84	1386.47
866.01	1173.49
866.18	1269.74
866.36	1200.11
866.53	1220.59
866.70	1191.92
866.87	1163.25
867.04	1202.16
867.22	1142.77
867.39	1243.12
867.56	1163.25
867.73	1218.54
867.90	1228.78
868.08	1263.60
868.25	1263.60
868.42	1243.12
868.59	1277.93
868.76	1284.08
868.94	1196.01
869.11	1333.23
869.28	1386.47
869.45	1255.40
869.62	1206.25
869.80	1263.60
869.97	1277.93
870.14	1265.64
870.31	1232.88
870.48	1376.24
870.65	1271.79
870.83	1228.78
871.00	1146.86
871.17	1212.40
871.34	1236.97
871.51	1294.32
871.68	1212.40
871.86	1261.55
872.03	1302.51
872.20	1269.74
872.37	1228.78
872.54	1220.59
872.71	1255.40
872.89	1277.93
873.06	1331.18
873.23	1232.88
873.40	1300.46
873.57	1343.47
873.74	1247.21
873.91	1228.78
874.09	1300.46
874.26	1228.78
874.43	1196.01
874.60	1218.54
874.77	1302.51
874.94	1134.57
875.11	1279.98
875.28	1187.82
875.46	1179.63
875.63	1222.64
875.80	1171.44
875.97	1257.45
876.14	1228.78
876.31	1318.89
876.48	1304.56
876.65	1290.22
876.82	1310.70
877.00	1294.32
877.17	1298.41
877.34	1279.98
877.51	1191.92
877.68	1245.16
877.85	1179.63
878.02	1150.96
878.19	1351.66
878.36	1269.74
878.53	1228.78
878.70	1191.92
878.88	1236.97
879.05	1286.12
879.22	1155.05
879.39	1236.97
879.56	1187.82
879.73	1286.12
879.90	1290.22
880.07	1302.51
880.24	1251.31
880.41	1220.59
880.58	1277.93
880.75	1232.88
880.92	1222.64
881.10	1210.35
881.27	1226.73
881.44	1267.69
881.61	1257.45
881.78	1206.25
881.95	1257.45
882.12	1216.49
882.29	1247.21
882.46	1288.17
882.63	1251.31
882.80	1181.68
882.97	1228.78
883.14	1224.69
883.31	1253.36
883.48	1222.64
883.65	1208.30
883.82	1208.30
883.99	1296.36
884.16	1249.26
884.33	1265.64
884.50	1296.36
884.67	1343.47
884.84	1230.83
885.01	1187.82
885.18	1257.45
885.35	1296.36
885.52	1245.16
885.69	1306.60
885.86	1335.28
886.03	1304.56
886.21	1269.74
886.38	1234.93
886.55	1183.73
886.72	1224.69
886.89	1257.45
887.06	1249.26
887.23	1224.69
887.39	1216.49
887.56	1368.04
887.73	1257.45
887.90	1320.94
888.07	1187.82
888.24	1279.98
888.41	1279.98
888.58	1279.98
888.75	1288.17
888.92	1228.78
889.09	1378.28
889.26	1198.06
889.43	1312.75
889.60	1232.88
889.77	1261.55
889.94	1327.08
890.11	1222.64
890.28	1255.40
890.45	1239.02
890.62	1228.78
890.79	1218.54
890.96	1212.40
891.13	1183.73
891.30	1312.75
891.47	1265.64
891.64	1239.02
891.81	1255.40
891.98	1265.64
892.15	1216.49
892.32	1263.60
892.48	1296.36
892.65	1200.11
892.82	1236.97
892.99	1277.93
893.16	1345.52
893.33	1277.93
893.50	1302.51
893.67	1261.55
893.84	1277.93
894.01	1247.21
894.18	1232.88
894.35	1222.64
894.52	1316.84
894.68	1224.69
894.85	1257.45
895.02	1204.21
895.19	1245.16
