177.85	1064.94
178.07	1064.94
178.28	1064.94
178.50	1155.05
178.72	1073.14
178.94	1216.49
179.16	1265.64
179.38	1247.21
179.59	1218.54
179.81	1241.07
180.03	1224.69
180.25	1298.41
180.47	1220.59
180.68	1251.31
180.90	1200.11
181.12	1171.44
181.34	1216.49
181.56	1196.01
181.78	1259.50
181.99	1230.83
182.21	1269.74
182.43	1216.49
182.65	1169.39
182.87	1310.70
183.08	1298.41
183.30	1210.35
183.52	1214.45
183.74	1261.55
183.96	1282.03
184.17	1204.21
184.39	1189.87
184.61	1271.79
184.83	1253.36
185.05	1241.07
185.26	1288.17
185.48	1245.16
185.70	1333.23
185.92	1239.02
186.14	1243.12
186.35	1263.60
186.57	1257.45
186.79	1318.89
187.01	1249.26
187.23	1255.40
187.44	1261.55
187.66	1198.06
187.88	1224.69
188.10	1298.41
188.32	1241.07
188.53	1245.16
188.75	1159.15
188.97	1196.01
189.19	1279.98
189.41	1294.32
189.62	1236.97
189.84	1239.02
190.06	1140.72
190.28	1269.74
190.49	1294.32
190.71	1302.51
190.93	1288.17
191.15	1236.97
191.37	1298.41
191.58	1183.73
191.80	1355.76
192.02	1351.66
192.24	1269.74
192.45	1218.54
192.67	1284.08
192.89	1228.78
193.11	1286.12
193.33	1198.06
193.54	1273.84
193.76	1269.74
193.98	1236.97
194.20	1253.36
194.41	1343.47
194.63	1306.60
194.85	1236.97
195.07	1273.84
195.28	1198.06
195.50	1204.21
195.72	1193.97
195.94	1243.12
196.16	1255.40
196.37	1228.78
196.59	1294.32
196.81	1269.74
197.03	1298.41
197.24	1212.40
197.46	1316.84
197.68	1179.63
197.90	1243.12
198.11	1226.73
198.33	1220.59
198.55	1257.45
198.77	1269.74
198.98	1220.59
199.20	1187.82
199.42	1318.89
199.64	1261.55
199.85	1228.78
200.07	1204.21
200.29	1310.70
200.51	1210.35
200.72	1282.03
200.94	1282.03
201.16	1243.12
201.37	1271.79
201.59	1277.93
201.81	1267.69
202.03	1279.98
202.24	1218.54
202.46	1222.64
202.68	1316.84
202.90	1269.74
203.11	1222.64
203.33	1255.40
203.55	1275.88
203.77	1269.74
203.98	1288.17
204.20	1228.78
204.42	1253.36
204.63	1390.57
204.85	1288.17
205.07	1216.49
205.29	1232.88
205.50	1173.49
205.72	1239.02
205.94	1257.45
206.15	1288.17
206.37	1294.32
206.59	1155.05
206.81	1241.07
207.02	1271.79
207.24	1253.36
207.46	1212.40
207.67	1216.49
207.89	1212.40
208.11	1222.64
208.33	1294.32
208.54	1220.59
208.76	1277.93
208.98	1294.32
209.19	1255.40
209.41	1196.01
209.63	1189.87
209.85	1325.04
210.06	1271.79
210.28	1232.88
210.50	1212.40
210.71	1241.07
210.93	1224.69
211.15	1282.03
211.36	1228.78
211.58	1181.68
211.80	1337.32
212.02	1212.40
212.23	1202.16
212.45	1189.87
212.67	1284.08
212.88	1298.41
213.10	1200.11
213.32	1212.40
213.53	1239.02
213.75	1198.06
213.97	1185.77
214.18	1210.35
214.40	1175.53
214.62	1265.64
214.83	1216.49
215.05	1267.69
215.27	1239.02
215.48	1298.41
215.70	1224.69
215.92	1114.10
216.14	1370.09
216.35	1232.88
216.57	1310.70
216.79	1212.40
217.00	1298.41
217.22	1255.40
217.44	1284.08
217.65	1189.87
217.87	1314.80
218.09	1353.71
218.30	1286.12
218.52	1296.36
218.74	1220.59
218.95	1226.73
219.17	1247.21
219.39	1255.40
219.60	1253.36
219.82	1206.25
220.04	1263.60
220.25	1286.12
220.47	1275.88
220.69	1208.30
220.90	1230.83
221.12	1277.93
221.33	1294.32
221.55	1236.97
221.77	1310.70
221.98	1277.93
222.20	1230.83
222.42	1267.69
222.63	1212.40
222.85	1245.16
223.07	1277.93
223.28	1275.88
223.50	1296.36
223.72	1212.40
223.93	1284.08
224.15	1241.07
224.37	1288.17
224.58	1107.95
224.80	1236.97
225.01	1214.45
225.23	1296.36
225.45	1284.08
225.66	1228.78
225.88	1249.26
226.10	1253.36
226.31	1218.54
226.53	1230.83
226.75	1239.02
226.96	1261.55
227.18	1247.21
227.39	1249.26
227.61	1279.98
227.83	1212.40
228.04	1255.40
228.26	1255.40
228.48	1288.17
228.69	1374.19
228.91	1204.21
229.12	1302.51
229.34	1245.16
229.56	1265.64
229.77	1171.44
229.99	1304.56
230.21	1198.06
230.42	1312.75
230.64	1214.45
230.85	1226.73
231.07	1236.97
231.29	1292.27
231.50	1243.12
231.72	1220.59
231.93	1243.12
232.15	1224.69
232.37	1351.66
232.58	1232.88
232.80	1230.83
233.02	1228.78
233.23	1163.25
233.45	1279.98
233.66	1206.25
233.88	1269.74
234.10	1236.97
234.31	1273.84
234.53	1251.31
234.74	1241.07
234.96	1308.65
235.18	1220.59
235.39	1236.97
235.61	1175.53
235.82	1245.16
236.04	1157.10
236.25	1220.59
236.47	1249.26
236.69	1198.06
236.90	1265.64
237.12	1263.60
237.33	1294.32
237.55	1288.17
237.77	1189.87
237.98	1298.41
238.20	1306.60
238.41	1271.79
238.63	1263.60
238.85	1183.73
239.06	1214.45
239.28	1253.36
239.49	1253.36
239.71	1222.64
239.92	1089.52
240.14	1253.36
240.36	1396.71
240.57	1157.10
240.79	1294.32
241.00	1304.56
241.22	1241.07
241.43	1271.79
241.65	1265.64
241.87	1220.59
242.08	1265.64
242.30	1177.58
242.51	1294.32
242.73	1249.26
242.94	1175.53
243.16	1298.41
243.37	1247.21
243.59	1206.25
243.81	1255.40
244.02	1308.65
244.24	1200.11
244.45	1193.97
244.67	1269.74
244.88	1320.94
245.10	1204.21
245.31	1294.32
245.53	1265.64
245.75	1347.56
245.96	1269.74
246.18	1292.27
246.39	1279.98
246.61	1376.24
246.82	1253.36
247.04	1230.83
247.25	1189.87
247.47	1251.31
247.68	1257.45
247.90	1187.82
248.12	1288.17
248.33	1204.21
248.55	1222.64
248.76	1263.60
248.98	1202.16
249.19	1308.65
249.41	1228.78
249.62	1273.84
249.84	1232.88
250.05	1220.59
250.27	1265.64
250.48	1292.27
250.70	1191.92
250.92	1263.60
251.13	1253.36
251.35	1327.08
251.56	1310.70
251.78	1228.78
251.99	1165.29
252.21	1320.94
252.42	1277.93
252.64	1161.20
252.85	1157.10
253.07	1249.26
253.28	1304.56
253.50	1296.36
253.71	1253.36
253.93	1167.34
254.14	1210.35
254.36	1261.55
254.57	1243.12
254.79	1206.25
255.00	1282.03
255.22	1175.53
255.43	1222.64
255.65	1245.16
255.86	1265.64
256.08	1216.49
256.29	1263.60
256.51	1245.16
256.72	1296.36
256.94	1155.05
257.15	1282.03
257.37	1282.03
257.58	1279.98
257.80	1220.59
258.01	1304.56
258.23	1257.45
258.44	1265.64
258.66	1206.25
258.87	1308.65
259.09	1271.79
259.30	1253.36
259.52	1216.49
259.73	1273.84
259.95	1239.02
260.16	1298.41
260.38	1273.84
260.59	1249.26
260.81	1343.47
261.02	1138.67
261.24	1269.74
261.45	1241.07
261.67	1224.69
261.88	1331.18
262.10	1302.51
262.31	1325.04
262.53	1216.49
262.74	1163.25
262.96	1140.72
263.17	1220.59
263.38	1255.40
263.60	1206.25
263.81	1171.44
264.03	1220.59
264.24	1261.55
264.46	1198.06
264.67	1261.55
264.89	1251.31
265.10	1296.36
265.32	1261.55
265.53	1269.74
265.75	1261.55
265.96	1259.50
266.18	1247.21
266.39	1245.16
266.60	1263.60
266.82	1255.40
267.03	1236.97
267.25	1179.63
267.46	1236.97
267.68	1282.03
267.89	1247.21
268.11	1247.21
268.32	1253.36
268.54	1275.88
268.75	1300.46
268.96	1239.02
269.18	1245.16
269.39	1275.88
269.61	1298.41
269.82	1220.59
270.04	1134.57
270.25	1318.89
270.47	1257.45
270.68	1298.41
270.89	1255.40
271.11	1335.28
271.32	1245.16
271.54	1210.35
271.75	1245.16
271.97	1208.30
272.18	1243.12
272.39	1273.84
272.61	1200.11
272.82	1245.16
273.04	1267.69
273.25	1322.99
273.47	1224.69
273.68	1271.79
273.89	1359.85
274.11	1187.82
274.32	1273.84
274.54	1228.78
274.75	1222.64
274.97	1247.21
275.18	1181.68
275.39	1245.16
275.61	1183.73
275.82	1232.88
276.04	1261.55
276.25	1261.55
276.46	1208.30
276.68	1222.64
276.89	1234.93
277.11	1232.88
277.32	1200.11
277.54	1245.16
277.75	1290.22
277.96	1314.80
278.18	1310.70
278.39	1232.88
278.61	1212.40
278.82	1236.97
279.03	1171.44
279.25	1220.59
279.46	1282.03
279.68	1210.35
279.89	1294.32
280.10	1277.93
280.32	1279.98
280.53	1171.44
280.75	1228.78
280.96	1212.40
281.17	1335.28
281.39	1288.17
281.60	1210.35
281.81	1320.94
282.03	1247.21
282.24	1302.51
282.46	1204.21
282.67	1239.02
282.88	1241.07
283.10	1214.45
283.31	1318.89
283.53	1267.69
283.74	1294.32
283.95	1261.55
284.17	1284.08
284.38	1288.17
284.59	1286.12
284.81	1308.65
285.02	1202.16
285.24	1259.50
285.45	1245.16
285.66	1245.16
285.88	1271.79
286.09	1257.45
286.30	1327.08
286.52	1212.40
286.73	1226.73
286.94	1314.80
287.16	1200.11
287.37	1245.16
287.59	1167.34
287.80	1241.07
288.01	1173.49
288.23	1294.32
288.44	1437.67
288.65	1312.75
288.87	1247.21
289.08	1232.88
289.29	1214.45
289.51	1277.93
289.72	1196.01
289.93	1236.97
290.15	1286.12
290.36	1306.60
290.58	1300.46
290.79	1157.10
291.00	1253.36
291.22	1294.32
291.43	1279.98
291.64	1271.79
291.86	1187.82
292.07	1265.64
292.28	1259.50
292.50	1226.73
292.71	1228.78
292.92	1312.75
293.14	1298.41
293.35	1279.98
293.56	1271.79
293.78	1167.34
293.99	1302.51
294.20	1232.88
294.42	1230.83
294.63	1171.44
294.84	1228.78
295.06	1310.70
295.27	1251.31
295.48	1220.59
295.70	1294.32
295.91	1179.63
296.12	1327.08
296.34	1241.07
296.55	1294.32
296.76	1288.17
296.98	1314.80
297.19	1277.93
297.40	1263.60
297.61	1322.99
297.83	1257.45
298.04	1327.08
298.25	1138.67
298.47	1261.55
298.68	1253.36
298.89	1269.74
299.11	1222.64
299.32	1273.84
299.53	1286.12
299.75	1236.97
299.96	1171.44
300.17	1163.25
300.38	1284.08
300.60	1206.25
300.81	1273.84
301.02	1208.30
301.24	1261.55
301.45	1312.75
301.66	1234.93
301.88	1236.97
302.09	1298.41
302.30	1261.55
302.51	1245.16
302.73	1279.98
302.94	1251.31
303.15	1269.74
303.37	1265.64
303.58	1236.97
303.79	1335.28
304.00	1253.36
304.22	1304.56
304.43	1325.04
304.64	1333.23
304.86	1236.97
305.07	1269.74
305.28	1298.41
305.49	1310.70
305.71	1312.75
305.92	1413.10
306.13	1288.17
306.34	1302.51
306.56	1302.51
306.77	1294.32
306.98	1277.93
307.20	1273.84
307.41	1228.78
307.62	1261.55
307.83	1271.79
308.05	1273.84
308.26	1302.51
308.47	1279.98
308.68	1318.89
308.90	1247.21
309.11	1245.16
309.32	1167.34
309.53	1255.40
309.75	1351.66
309.96	1308.65
310.17	1337.32
310.38	1255.40
310.60	1214.45
310.81	1267.69
311.02	1206.25
311.23	1216.49
311.45	1165.29
311.66	1163.25
311.87	1347.56
312.08	1261.55
312.30	1230.83
312.51	1175.53
312.72	1267.69
312.93	1236.97
313.15	1191.92
313.36	1212.40
313.57	1310.70
313.78	1185.77
314.00	1236.97
314.21	1286.12
314.42	1218.54
314.63	1204.21
314.85	1185.77
315.06	1271.79
315.27	1218.54
315.48	1263.60
315.69	1304.56
315.91	1146.86
316.12	1171.44
316.33	1236.97
316.54	1261.55
316.76	1228.78
316.97	1271.79
317.18	1302.51
317.39	1310.70
317.60	1277.93
317.82	1255.40
318.03	1228.78
318.24	1273.84
318.45	1277.93
318.67	1318.89
318.88	1189.87
319.09	1239.02
319.30	1294.32
319.51	1320.94
319.73	1210.35
319.94	1335.28
320.15	1288.17
320.36	1265.64
320.57	1159.15
320.79	1212.40
321.00	1146.86
321.21	1310.70
321.42	1359.85
321.63	1228.78
321.85	1239.02
322.06	1261.55
322.27	1214.45
322.48	1257.45
322.69	1351.66
322.91	1228.78
323.12	1271.79
323.33	1320.94
323.54	1286.12
323.75	1286.12
323.97	1167.34
324.18	1255.40
324.39	1230.83
324.60	1322.99
324.81	1263.60
325.02	1175.53
325.24	1216.49
325.45	1318.89
325.66	1286.12
325.87	1294.32
326.08	1177.58
326.30	1271.79
326.51	1275.88
326.72	1265.64
326.93	1163.25
327.14	1294.32
327.35	1353.71
327.57	1234.93
327.78	1312.75
327.99	1443.82
328.20	1376.24
328.41	1599.46
328.62	1796.07
328.84	1966.05
329.05	2074.59
329.26	2334.68
329.47	2740.18
329.68	2867.16
329.89	3434.44
330.11	3563.47
330.32	3606.47
330.53	3758.02
330.74	3180.50
330.95	2818.00
331.16	2338.78
331.37	2039.78
331.59	1773.54
331.80	1482.73
332.01	1357.80
332.22	1277.93
332.43	1261.55
332.64	1339.37
332.86	1171.44
333.07	1245.16
333.28	1265.64
333.49	1337.32
333.70	1198.06
333.91	1234.93
334.12	1265.64
334.33	1187.82
334.55	1204.21
334.76	1288.17
334.97	1372.14
335.18	1314.80
335.39	1302.51
335.60	1273.84
335.81	1310.70
336.03	1234.93
336.24	1310.70
336.45	1294.32
336.66	1279.98
336.87	1333.23
337.08	1304.56
337.29	1261.55
337.50	1255.40
337.72	1277.93
337.93	1216.49
338.14	1363.95
338.35	1220.59
338.56	1234.93
338.77	1247.21
338.98	1286.12
339.19	1216.49
339.40	1343.47
339.62	1267.69
339.83	1220.59
340.04	1204.21
340.25	1228.78
340.46	1286.12
340.67	1331.18
340.88	1312.75
341.09	1308.65
341.30	1269.74
341.51	1150.96
341.73	1224.69
341.94	1247.21
342.15	1236.97
342.36	1247.21
342.57	1163.25
342.78	1351.66
342.99	1245.16
343.20	1279.98
343.41	1370.09
343.62	1157.10
343.84	1241.07
344.05	1292.27
344.26	1206.25
344.47	1277.93
344.68	1228.78
344.89	1255.40
345.10	1228.78
345.31	1216.49
345.52	1320.94
345.73	1286.12
345.94	1322.99
346.15	1230.83
346.37	1331.18
346.58	1220.59
346.79	1349.61
347.00	1294.32
347.21	1349.61
347.42	1198.06
347.63	1318.89
347.84	1255.40
348.05	1294.32
348.26	1288.17
348.47	1228.78
348.68	1351.66
348.89	1196.01
349.10	1306.60
349.31	1304.56
349.53	1265.64
349.74	1310.70
349.95	1196.01
350.16	1318.89
350.37	1290.22
350.58	1224.69
350.79	1359.85
351.00	1210.35
351.21	1333.23
351.42	1220.59
351.63	1314.80
351.84	1198.06
352.05	1208.30
352.26	1327.08
352.47	1204.21
352.68	1261.55
352.89	1290.22
353.10	1179.63
353.31	1296.36
353.52	1581.03
353.73	1310.70
353.95	1298.41
354.16	1200.11
354.37	1261.55
354.58	1388.52
354.79	1302.51
355.00	1236.97
355.21	1271.79
355.42	1253.36
355.63	1239.02
355.84	1228.78
356.05	1277.93
356.26	1306.60
356.47	1226.73
356.68	1290.22
356.89	1384.43
357.10	1263.60
357.31	1271.79
357.52	1277.93
357.73	1263.60
357.94	1310.70
358.15	1220.59
358.36	1349.61
358.57	1294.32
358.78	1259.50
358.99	1165.29
359.20	1230.83
359.41	1226.73
359.62	1271.79
359.83	1382.38
360.04	1259.50
360.25	1322.99
360.46	1189.87
360.67	1302.51
360.88	1241.07
361.09	1304.56
361.30	1275.88
361.51	1318.89
361.72	1294.32
361.93	1261.55
362.14	1204.21
362.35	1253.36
362.56	1318.89
362.77	1245.16
362.98	1406.95
363.19	1167.34
363.40	1292.27
363.61	1282.03
363.82	1224.69
364.03	1286.12
364.24	1236.97
364.45	1302.51
364.66	1460.20
364.87	1226.73
365.08	1384.43
365.29	1372.14
365.50	1228.78
365.71	1310.70
365.92	1318.89
366.13	1304.56
366.34	1333.23
366.55	1261.55
366.76	1253.36
366.97	1310.70
367.18	1306.60
367.39	1325.04
367.60	1333.23
367.81	1306.60
368.02	1279.98
368.23	1222.64
368.43	1294.32
368.64	1208.30
368.85	1288.17
369.06	1308.65
369.27	1290.22
369.48	1267.69
369.69	1304.56
369.90	1277.93
370.11	1345.52
370.32	1253.36
370.53	1218.54
370.74	1189.87
370.95	1349.61
371.16	1366.00
371.37	1310.70
371.58	1337.32
371.79	1232.88
372.00	1241.07
372.21	1318.89
372.42	1329.13
372.62	1253.36
372.83	1304.56
373.04	1312.75
373.25	1318.89
373.46	1351.66
373.67	1279.98
373.88	1265.64
374.09	1222.64
374.30	1273.84
374.51	1232.88
374.72	1294.32
374.93	1333.23
375.14	1241.07
375.35	1277.93
375.56	1314.80
375.76	1257.45
375.97	1351.66
376.18	1253.36
376.39	1261.55
376.60	1269.74
376.81	1343.47
377.02	1368.04
377.23	1353.71
377.44	1269.74
377.65	1282.03
377.86	1275.88
378.07	1245.16
378.27	1273.84
378.48	1239.02
378.69	1314.80
378.90	1286.12
379.11	1314.80
379.32	1181.68
379.53	1322.99
379.74	1247.21
379.95	1269.74
380.16	1304.56
380.36	1294.32
380.57	1286.12
380.78	1091.57
380.99	1241.07
381.20	1212.40
381.41	1187.82
381.62	1296.36
381.83	1290.22
382.04	1300.46
382.25	1304.56
382.45	1327.08
382.66	1286.12
382.87	1290.22
383.08	1251.31
383.29	1304.56
383.50	1253.36
383.71	1345.52
383.92	1286.12
384.12	1351.66
384.33	1279.98
384.54	1302.51
384.75	1327.08
384.96	1298.41
385.17	1247.21
385.38	1302.51
385.59	1236.97
385.79	1361.90
386.00	1419.24
386.21	1202.16
386.42	1251.31
386.63	1277.93
386.84	1261.55
387.05	1384.43
387.26	1312.75
387.46	1318.89
387.67	1308.65
387.88	1312.75
388.09	1335.28
388.30	1359.85
388.51	1329.13
388.72	1343.47
388.92	1347.56
389.13	1196.01
389.34	1284.08
389.55	1236.97
389.76	1191.92
389.97	1310.70
390.17	1409.00
390.38	1273.84
390.59	1370.09
390.80	1212.40
391.01	1279.98
391.22	1282.03
391.43	1351.66
391.63	1296.36
391.84	1298.41
392.05	1271.79
392.26	1353.71
392.47	1204.21
392.68	1259.50
392.88	1308.65
393.09	1230.83
393.30	1292.27
393.51	1269.74
393.72	1302.51
393.93	1310.70
394.13	1241.07
394.34	1345.52
394.55	1343.47
394.76	1314.80
394.97	1341.42
395.17	1239.02
395.38	1363.95
395.59	1284.08
395.80	1277.93
396.01	1216.49
396.22	1445.87
396.42	1259.50
396.63	1239.02
396.84	1243.12
397.05	1253.36
397.26	1296.36
397.46	1271.79
397.67	1251.31
397.88	1165.29
398.09	1312.75
398.30	1204.21
398.50	1288.17
398.71	1294.32
398.92	1249.26
399.13	1222.64
399.34	1220.59
399.54	1329.13
399.75	1279.98
399.96	1331.18
400.17	1292.27
400.38	1220.59
400.58	1359.85
400.79	1261.55
401.00	1343.47
401.21	1267.69
401.42	1314.80
401.62	1318.89
401.83	1302.51
402.04	1327.08
402.25	1314.80
402.45	1277.93
402.66	1366.00
402.87	1343.47
403.08	1329.13
403.29	1349.61
403.49	1351.66
403.70	1423.34
403.91	1298.41
404.12	1425.39
404.32	1386.47
404.53	1331.18
404.74	1452.01
404.95	1359.85
405.15	1390.57
405.36	1425.39
405.57	1417.19
405.78	1302.51
405.99	1351.66
406.19	1222.64
406.40	1206.25
406.61	1409.00
406.82	1363.95
407.02	1277.93
407.23	1247.21
407.44	1304.56
407.65	1345.52
407.85	1222.64
408.06	1245.16
408.27	1261.55
408.48	1269.74
408.68	1312.75
408.89	1409.00
409.10	1318.89
409.31	1306.60
409.51	1288.17
409.72	1245.16
409.93	1284.08
410.13	1327.08
410.34	1269.74
410.55	1312.75
410.76	1294.32
410.96	1279.98
411.17	1273.84
411.38	1339.37
411.59	1277.93
411.79	1286.12
412.00	1241.07
412.21	1296.36
412.42	1286.12
412.62	1294.32
412.83	1322.99
413.04	1271.79
413.24	1212.40
413.45	1411.05
413.66	1394.67
413.87	1378.28
414.07	1325.04
414.28	1290.22
414.49	1429.48
414.69	1429.48
414.90	1458.15
415.11	1492.97
415.32	1499.11
415.52	1552.36
415.73	1492.97
415.94	1499.11
416.14	1574.89
416.35	1484.78
416.56	1441.77
416.76	1482.73
416.97	1353.71
417.18	1454.06
417.39	1327.08
417.59	1335.28
417.80	1304.56
418.01	1437.67
418.21	1429.48
418.42	1447.91
418.63	1552.36
418.83	1576.94
419.04	1548.26
419.25	1587.18
419.45	1638.38
419.66	1673.19
419.87	1648.61
420.08	1718.25
420.28	1525.74
420.49	1540.07
420.70	1499.11
420.90	1492.97
421.11	1404.91
421.32	1329.13
421.52	1269.74
421.73	1370.09
421.94	1298.41
422.14	1384.43
422.35	1355.76
422.56	1269.74
422.76	1282.03
422.97	1286.12
423.18	1277.93
423.38	1349.61
423.59	1474.54
423.80	1279.98
424.00	1206.25
424.21	1318.89
424.42	1363.95
424.62	1263.60
424.83	1331.18
425.04	1345.52
425.24	1269.74
425.45	1386.47
425.65	1388.52
425.86	1464.30
426.07	1452.01
426.27	1523.69
426.48	1470.44
426.69	1538.02
426.89	1501.16
427.10	1486.83
427.31	1400.81
427.51	1370.09
427.72	1357.80
427.93	1347.56
428.13	1343.47
428.34	1296.36
428.54	1347.56
428.75	1341.42
428.96	1333.23
429.16	1310.70
429.37	1421.29
429.58	1302.51
429.78	1357.80
429.99	1409.00
430.19	1361.90
430.40	1370.09
430.61	1298.41
430.81	1306.60
431.02	1368.04
431.23	1431.53
431.43	1286.12
431.64	1306.60
431.84	1253.36
432.05	1245.16
432.26	1279.98
432.46	1314.80
432.67	1427.43
432.87	1335.28
433.08	1361.90
433.29	1388.52
433.49	1306.60
433.70	1501.16
433.91	1417.19
434.11	1341.42
434.32	1320.94
434.52	1351.66
434.73	1353.71
434.94	1247.21
435.14	1417.19
435.35	1290.22
435.55	1241.07
435.76	1302.51
435.96	1269.74
436.17	1331.18
436.38	1341.42
436.58	1368.04
436.79	1247.21
436.99	1368.04
437.20	1269.74
437.41	1232.88
437.61	1279.98
437.82	1318.89
438.02	1204.21
438.23	1386.47
438.43	1304.56
438.64	1347.56
438.85	1271.79
439.05	1419.24
439.26	1353.71
439.46	1239.02
439.67	1312.75
439.87	1376.24
440.08	1286.12
440.29	1245.16
440.49	1263.60
440.70	1214.45
440.90	1236.97
441.11	1413.10
441.31	1288.17
441.52	1245.16
441.73	1343.47
441.93	1327.08
442.14	1271.79
442.34	1294.32
442.55	1343.47
442.75	1429.48
442.96	1273.84
443.16	1275.88
443.37	1419.24
443.58	1308.65
443.78	1249.26
443.99	1349.61
444.19	1343.47
444.40	1329.13
444.60	1208.30
444.81	1253.36
445.01	1286.12
445.22	1288.17
445.42	1359.85
445.63	1318.89
445.83	1368.04
446.04	1337.32
446.25	1228.78
446.45	1302.51
446.66	1277.93
446.86	1263.60
447.07	1318.89
447.27	1284.08
447.48	1316.84
447.68	1302.51
447.89	1269.74
448.09	1327.08
448.30	1314.80
448.50	1218.54
448.71	1277.93
448.91	1318.89
449.12	1394.67
449.32	1308.65
449.53	1286.12
449.73	1325.04
449.94	1282.03
450.14	1353.71
450.35	1337.32
450.55	1376.24
450.76	1368.04
450.96	1351.66
451.17	1462.25
451.37	1298.41
451.58	1316.84
451.78	1271.79
451.99	1355.76
452.19	1345.52
452.40	1304.56
452.60	1226.73
452.81	1220.59
453.01	1296.36
453.22	1335.28
453.42	1349.61
453.63	1239.02
453.83	1269.74
454.04	1327.08
454.24	1253.36
454.45	1339.37
454.65	1390.57
454.86	1282.03
455.06	1277.93
455.27	1304.56
455.47	1366.00
455.68	1335.28
455.88	1345.52
456.09	1394.67
456.29	1245.16
456.50	1349.61
456.70	1263.60
456.91	1355.76
457.11	1312.75
457.31	1239.02
457.52	1296.36
457.72	1306.60
457.93	1288.17
458.13	1292.27
458.34	1327.08
458.54	1241.07
458.75	1292.27
458.95	1296.36
459.16	1353.71
459.36	1222.64
459.56	1421.29
459.77	1277.93
459.97	1382.38
460.18	1206.25
460.38	1224.69
460.59	1341.42
460.79	1261.55
461.00	1273.84
461.20	1269.74
461.41	1306.60
461.61	1245.16
461.81	1339.37
462.02	1263.60
462.22	1302.51
462.43	1273.84
462.63	1359.85
462.84	1388.52
463.04	1327.08
463.24	1396.71
463.45	1259.50
463.65	1366.00
463.86	1212.40
464.06	1409.00
464.27	1310.70
464.47	1304.56
464.67	1327.08
464.88	1310.70
465.08	1316.84
465.29	1343.47
465.49	1302.51
465.70	1390.57
465.90	1304.56
466.10	1308.65
466.31	1433.58
466.51	1413.10
466.72	1417.19
466.92	1527.78
467.12	1499.11
467.33	1388.52
467.53	1443.82
467.74	1355.76
467.94	1394.67
468.14	1347.56
468.35	1351.66
468.55	1413.10
468.76	1236.97
468.96	1288.17
469.16	1310.70
469.37	1322.99
469.57	1357.80
469.78	1368.04
469.98	1368.04
470.18	1306.60
470.39	1392.62
470.59	1318.89
470.80	1339.37
471.00	1345.52
471.20	1273.84
471.41	1282.03
471.61	1337.32
471.81	1304.56
472.02	1304.56
472.22	1368.04
472.43	1419.24
472.63	1267.69
472.83	1327.08
473.04	1351.66
473.24	1282.03
473.44	1345.52
473.65	1732.58
473.85	1251.31
474.06	1288.17
474.26	1355.76
474.46	1335.28
474.67	1355.76
474.87	1304.56
475.07	1351.66
475.28	1368.04
475.48	1411.05
475.68	1294.32
475.89	1409.00
476.09	1294.32
476.29	1245.16
476.50	1214.45
476.70	1327.08
476.91	1335.28
477.11	1314.80
477.31	1312.75
477.52	1282.03
477.72	1296.36
477.92	1312.75
478.13	1353.71
478.33	1322.99
478.53	1312.75
478.74	1400.81
478.94	1337.32
479.14	1361.90
479.35	1241.07
479.55	1343.47
479.75	1402.86
479.96	1286.12
480.16	1267.69
480.36	1386.47
480.57	1396.71
480.77	1222.64
480.97	1286.12
481.18	1374.19
481.38	1394.67
481.58	1359.85
481.79	1327.08
481.99	1372.14
482.19	1376.24
482.39	1372.14
482.60	1333.23
482.80	1304.56
483.00	1370.09
483.21	1322.99
483.41	1304.56
483.61	1341.42
483.82	1359.85
484.02	1279.98
484.22	1284.08
484.43	1296.36
484.63	1363.95
484.83	1394.67
485.03	1286.12
485.24	1351.66
485.44	1322.99
485.64	1359.85
485.85	1347.56
486.05	1304.56
486.25	1294.32
486.46	1216.49
486.66	1298.41
486.86	1312.75
487.06	1331.18
487.27	1279.98
487.47	1320.94
487.67	1353.71
487.88	1386.47
488.08	1417.19
488.28	1413.10
488.48	1411.05
488.69	1343.47
488.89	1343.47
489.09	1261.55
489.29	1329.13
489.50	1345.52
489.70	1351.66
489.90	1374.19
490.11	1333.23
490.31	1318.89
490.51	1308.65
490.71	1409.00
490.92	1366.00
491.12	1429.48
491.32	1308.65
491.52	1282.03
491.73	1318.89
491.93	1292.27
492.13	1359.85
492.33	1386.47
492.54	1359.85
492.74	1368.04
492.94	1370.09
493.14	1351.66
493.35	1419.24
493.55	1384.43
493.75	1361.90
493.95	1390.57
494.16	1353.71
494.36	1310.70
494.56	1269.74
494.76	1282.03
494.97	1310.70
495.17	1429.48
495.37	1335.28
495.57	1366.00
495.78	1378.28
495.98	1441.77
496.18	1378.28
496.38	1558.50
496.58	1538.02
496.79	1708.01
496.99	1820.64
497.19	1916.90
497.39	2107.36
497.60	2254.81
497.80	2277.34
498.00	2514.91
498.20	2580.44
498.40	2445.27
498.61	2363.36
498.81	2355.16
499.01	2052.06
499.21	1925.09
499.41	1716.20
499.62	1597.42
499.82	1509.35
500.02	1515.50
500.22	1409.00
500.43	1392.62
500.63	1355.76
500.83	1394.67
501.03	1359.85
501.23	1327.08
501.44	1409.00
501.64	1470.44
501.84	1472.49
502.04	1382.38
502.24	1314.80
502.44	1294.32
502.65	1366.00
502.85	1335.28
503.05	1310.70
503.25	1433.58
503.45	1308.65
503.66	1413.10
503.86	1376.24
504.06	1409.00
504.26	1361.90
504.46	1474.54
504.66	1300.46
504.87	1384.43
505.07	1359.85
505.27	1355.76
505.47	1363.95
505.67	1396.71
505.88	1286.12
506.08	1302.51
506.28	1406.95
506.48	1368.04
506.68	1386.47
506.88	1359.85
507.08	1429.48
507.29	1343.47
507.49	1378.28
507.69	1394.67
507.89	1249.26
508.09	1404.91
508.29	1359.85
508.50	1312.75
508.70	1335.28
508.90	1361.90
509.10	1382.38
509.30	1376.24
509.50	1370.09
509.70	1331.18
509.91	1402.86
510.11	1345.52
510.31	1302.51
510.51	1394.67
510.71	1400.81
510.91	1351.66
511.11	1384.43
511.32	1325.04
511.52	1380.33
511.72	1310.70
511.92	1292.27
512.12	1343.47
512.32	1357.80
512.52	1384.43
512.72	1374.19
512.93	1363.95
513.13	1302.51
513.33	1404.91
513.53	1386.47
513.73	1447.91
513.93	1419.24
514.13	1419.24
514.33	1599.46
514.54	1630.18
514.74	1671.14
514.94	1689.57
515.14	1609.70
515.34	1634.28
515.54	1685.48
515.74	1593.32
515.94	1585.13
516.14	1535.98
516.35	1585.13
516.55	1556.46
516.75	1431.53
516.95	1384.43
517.15	1370.09
517.35	1458.15
517.55	1347.56
517.75	1390.57
517.95	1361.90
518.15	1409.00
518.35	1425.39
518.56	1376.24
518.76	1452.01
518.96	1308.65
519.16	1499.11
519.36	1359.85
519.56	1433.58
519.76	1452.01
519.96	1464.30
520.16	1388.52
520.36	1353.71
520.56	1335.28
520.76	1437.67
520.97	1333.23
521.17	1396.71
521.37	1333.23
521.57	1462.25
521.77	1445.87
521.97	1335.28
522.17	1454.06
522.37	1406.95
522.57	1329.13
522.77	1341.42
522.97	1302.51
523.17	1458.15
523.37	1419.24
523.57	1396.71
523.77	1312.75
523.97	1445.87
524.17	1337.32
524.38	1343.47
524.58	1368.04
524.78	1417.19
524.98	1409.00
525.18	1460.20
525.38	1370.09
525.58	1445.87
525.78	1466.35
525.98	1394.67
526.18	1396.71
526.38	1343.47
526.58	1290.22
526.78	1347.56
526.98	1449.96
527.18	1409.00
527.38	1359.85
527.58	1425.39
527.78	1503.21
527.98	1359.85
528.18	1298.41
528.38	1368.04
528.58	1411.05
528.78	1417.19
528.98	1361.90
529.18	1380.33
529.38	1425.39
529.58	1482.73
529.78	1482.73
529.98	1378.28
530.18	1388.52
530.38	1441.77
530.58	1366.00
530.78	1492.97
530.98	1331.18
531.18	1466.35
531.38	1409.00
531.58	1409.00
531.78	1456.11
531.98	1331.18
532.18	1343.47
532.38	1308.65
532.58	1386.47
532.78	1374.19
532.98	1384.43
533.18	1413.10
533.38	1359.85
533.58	1296.36
533.78	1361.90
533.98	1329.13
534.18	1406.95
534.38	1277.93
534.58	1449.96
534.78	1388.52
534.98	1402.86
535.18	1286.12
535.38	1294.32
535.58	1398.76
535.78	1343.47
535.98	1384.43
536.18	1400.81
536.38	1429.48
536.58	1298.41
536.78	1445.87
536.98	1370.09
537.18	1431.53
537.38	1429.48
537.58	1345.52
537.78	1329.13
537.98	1374.19
538.18	1409.00
538.38	1425.39
538.58	1409.00
538.78	1345.52
538.98	1441.77
539.18	1400.81
539.38	1327.08
539.58	1359.85
539.77	1394.67
539.97	1374.19
540.17	1478.63
540.37	1378.28
540.57	1355.76
540.77	1411.05
540.97	1310.70
541.17	1468.39
541.37	1396.71
541.57	1392.62
541.77	1368.04
541.97	1421.29
542.17	1406.95
542.37	1409.00
542.57	1368.04
542.77	1495.02
542.96	1370.09
543.16	1490.92
543.36	1376.24
543.56	1314.80
543.76	1427.43
543.96	1449.96
544.16	1335.28
544.36	1490.92
544.56	1458.15
544.76	1345.52
544.96	1466.35
545.16	1490.92
545.35	1425.39
545.55	1384.43
545.75	1345.52
545.95	1470.44
546.15	1376.24
546.35	1441.77
546.55	1421.29
546.75	1466.35
546.95	1413.10
547.15	1337.32
547.35	1404.91
547.54	1318.89
547.74	1394.67
547.94	1394.67
548.14	1488.87
548.34	1464.30
548.54	1458.15
548.74	1384.43
548.94	1531.88
549.14	1404.91
549.33	1392.62
549.53	1492.97
549.73	1445.87
549.93	1495.02
550.13	1476.59
550.33	1384.43
550.53	1445.87
550.73	1413.10
550.92	1447.91
551.12	1460.20
551.32	1449.96
551.52	1503.21
551.72	1456.11
551.92	1454.06
552.12	1439.72
552.32	1441.77
552.51	1425.39
552.71	1437.67
552.91	1474.54
553.11	1425.39
553.31	1456.11
553.51	1490.92
553.71	1345.52
553.90	1431.53
554.10	1478.63
554.30	1499.11
554.50	1472.49
554.70	1578.98
554.90	1484.78
555.10	1443.82
555.29	1458.15
555.49	1449.96
555.69	1519.59
555.89	1476.59
556.09	1531.88
556.29	1585.13
556.48	1576.94
556.68	1509.35
556.88	1527.78
557.08	1638.38
557.28	1697.77
557.48	1736.68
557.67	1712.10
557.87	1773.54
558.07	1689.57
558.27	1724.39
558.47	1810.40
558.67	1843.17
558.86	1761.25
559.06	1918.95
559.26	1896.42
559.46	1859.56
559.66	2023.39
559.85	1951.71
560.05	1994.72
560.25	1998.82
560.45	2285.53
560.65	2047.97
560.84	2115.55
561.04	2064.35
561.24	2197.47
561.44	2201.57
561.64	2181.09
561.83	2129.89
562.03	2275.29
562.23	2148.32
562.43	2164.70
562.63	2195.42
562.82	2228.19
563.02	2203.61
563.22	2277.34
563.42	2260.96
563.62	2238.43
563.81	2314.20
564.01	2287.58
564.21	2277.34
564.41	2312.16
564.61	2263.01
564.80	2299.87
565.00	2435.03
565.20	2359.26
565.40	2293.72
565.59	2385.88
565.79	2379.74
565.99	2252.77
566.19	2332.64
566.39	2375.64
566.58	2637.78
566.78	2957.27
566.98	3522.51
567.18	4419.52
567.37	5697.45
567.57	7196.56
567.77	8730.49
567.97	10379.11
568.16	11784.01
568.36	12926.78
568.56	13203.25
568.76	13371.19
568.95	13190.97
569.15	11984.71
569.35	10340.19
569.55	9047.93
569.74	7890.82
569.94	6481.82
570.14	5406.64
570.34	4753.34
570.53	3981.25
570.73	3282.89
570.93	2959.31
571.13	2918.36
571.32	2588.63
571.52	2461.66
571.72	2521.05
571.92	2475.99
572.11	2424.80
572.31	2523.10
572.51	2537.43
572.70	2467.80
572.90	2418.65
573.10	2492.38
573.30	2598.87
573.49	2523.10
573.69	2609.11
573.89	2551.77
574.08	2656.22
574.28	2695.13
574.48	2688.98
574.68	2682.84
574.87	2699.22
575.07	2621.40
575.27	2631.64
575.46	2670.55
575.66	2824.15
575.86	2654.17
576.06	2707.41
576.25	2785.24
576.45	2813.91
576.65	2703.32
576.84	2807.77
577.04	2818.00
577.24	2934.74
577.43	2848.72
577.63	2944.98
577.83	2953.17
578.02	2967.51
578.22	2983.89
578.42	3010.51
578.62	2973.65
578.81	2959.31
579.01	2965.46
579.21	2977.75
579.40	3112.91
579.60	3272.65
579.80	3088.34
579.99	3256.27
580.19	3260.37
580.39	3370.96
580.58	3278.80
580.78	3342.28
580.98	3440.59
581.17	3475.40
581.37	3506.12
581.57	3749.83
581.76	3633.10
581.96	3626.95
582.16	3792.84
582.35	3891.14
582.55	4120.51
582.75	4112.32
582.94	4333.50
583.14	4849.59
583.34	5398.45
583.53	6166.43
583.73	6561.69
583.92	6944.66
584.12	6987.67
584.32	7419.79
584.51	7153.55
584.71	7202.71
584.91	7202.71
585.10	7247.76
585.30	7339.92
585.50	7489.42
585.69	7692.17
585.89	8318.85
586.09	8798.07
586.28	9537.39
586.48	10573.66
586.67	12173.13
586.87	15329.05
587.07	38935.98
587.26	65535.00
587.46	65535.00
587.66	65535.00
587.85	65535.00
588.05	65535.00
588.24	65535.00
588.44	65535.00
588.64	65535.00
588.83	65535.00
589.03	65535.00
589.22	65535.00
589.42	65535.00
589.62	65535.00
589.81	65535.00
590.01	65535.00
590.20	65535.00
590.40	65535.00
590.60	65535.00
590.79	65535.00
590.99	65535.00
591.18	65535.00
591.38	65535.00
591.58	65535.00
591.77	65535.00
591.97	65535.00
592.16	65535.00
592.36	65535.00
592.56	65535.00
592.75	65535.00
592.95	65535.00
593.14	65535.00
593.34	65535.00
593.53	65535.00
593.73	65535.00
593.93	65535.00
594.12	65535.00
594.32	65535.00
594.51	65535.00
594.71	65535.00
594.91	65535.00
595.10	65535.00
595.30	65535.00
595.49	65535.00
595.69	65535.00
595.88	65535.00
596.08	65535.00
596.27	65535.00
596.47	65535.00
596.67	65535.00
596.86	65535.00
597.06	65535.00
597.25	65535.00
597.45	65535.00
597.64	65535.00
597.84	65535.00
598.03	65535.00
598.23	65535.00
598.43	65535.00
598.62	65535.00
598.82	65535.00
599.01	65535.00
599.21	65535.00
599.40	65535.00
599.60	65535.00
599.79	65535.00
599.99	65535.00
600.18	65535.00
600.38	65535.00
600.57	65535.00
600.77	65535.00
600.96	65535.00
601.16	65535.00
601.36	65535.00
601.55	65535.00
601.75	65535.00
601.94	65535.00
602.14	65535.00
602.33	65535.00
602.53	65535.00
602.72	65535.00
602.92	65535.00
603.11	65535.00
603.31	65535.00
603.50	65535.00
603.70	65535.00
603.89	65535.00
604.09	65535.00
604.28	65535.00
604.48	65535.00
604.67	65535.00
604.87	65535.00
605.06	65535.00
605.26	65535.00
605.45	65535.00
605.65	65535.00
605.84	65535.00
606.04	65535.00
606.23	65535.00
606.43	65535.00
606.62	65535.00
606.82	65535.00
607.01	65535.00
607.21	65535.00
607.40	65535.00
607.59	65535.00
607.79	65535.00
607.98	65535.00
608.18	65535.00
608.37	65535.00
608.57	65535.00
608.76	65535.00
608.96	65535.00
609.15	65535.00
609.35	65535.00
609.54	65535.00
609.74	65535.00
609.93	65535.00
610.13	65535.00
610.32	65535.00
610.51	65535.00
610.71	65535.00
610.90	65535.00
611.10	65535.00
611.29	65535.00
611.49	65535.00
611.68	65535.00
611.88	65535.00
612.07	65535.00
612.27	65535.00
612.46	65535.00
612.65	65535.00
612.85	65535.00
613.04	65535.00
613.24	65535.00
613.43	65535.00
613.63	65535.00
613.82	65535.00
614.01	65535.00
614.21	65535.00
614.40	65535.00
614.60	65535.00
614.79	65535.00
614.99	65535.00
615.18	65535.00
615.37	65535.00
615.57	65535.00
615.76	65535.00
615.96	65535.00
616.15	65535.00
616.35	65535.00
616.54	65535.00
616.73	65535.00
616.93	65535.00
617.12	65535.00
617.32	65535.00
617.51	65535.00
617.70	65535.00
617.90	65535.00
618.09	65535.00
618.29	50478.33
618.48	42433.91
618.67	1994.72
618.87	1873.89
619.06	1808.36
619.26	1863.65
619.45	1787.88
619.64	1796.07
619.84	1851.36
620.03	1765.35
620.22	1834.98
620.42	1765.35
620.61	1837.03
620.81	1873.89
621.00	1804.26
621.19	1759.21
621.39	1847.27
621.58	1751.01
621.78	1748.97
621.97	1703.91
622.16	1751.01
622.36	1679.33
622.55	1697.77
622.74	1679.33
622.94	1736.68
623.13	1632.23
623.32	1744.87
623.52	1601.51
623.71	1632.23
623.91	1619.94
624.10	1720.29
624.29	1681.38
624.49	1634.28
624.68	1671.14
624.87	1716.20
625.07	1683.43
625.26	1640.42
625.45	1619.94
625.65	1568.74
625.84	1730.53
626.03	1601.51
626.23	1671.14
626.42	1730.53
626.61	1642.47
626.81	1667.05
627.00	1599.46
627.19	1599.46
627.39	1550.31
627.58	1492.97
627.77	1556.46
627.97	1521.64
628.16	1581.03
628.35	1593.32
628.55	1566.70
628.74	1654.76
628.93	1527.78
629.13	1585.13
629.32	1548.26
629.51	1626.09
629.71	1599.46
629.90	1550.31
630.09	1472.49
630.29	1517.54
630.48	1519.59
630.67	1499.11
630.86	1533.93
631.06	1507.30
631.25	1693.67
631.44	1617.90
631.64	1560.55
631.83	1548.26
632.02	1687.53
632.22	1492.97
632.41	1449.96
632.60	1615.85
632.79	1548.26
632.99	1490.92
633.18	1609.70
633.37	1527.78
633.57	1572.84
633.76	1474.54
633.95	1505.26
634.14	1425.39
634.34	1499.11
634.53	1519.59
634.72	1542.12
634.92	1423.34
635.11	1492.97
635.30	1507.30
635.49	1540.07
635.69	1597.42
635.88	1490.92
636.07	1404.91
636.26	1533.93
636.46	1484.78
636.65	1462.25
636.84	1552.36
637.03	1570.79
637.23	1566.70
637.42	1544.17
637.61	1427.43
637.80	1486.83
638.00	1562.60
638.19	1484.78
638.38	1492.97
638.57	1509.35
638.77	1501.16
638.96	1572.84
639.15	1531.88
639.34	1464.30
639.54	1363.95
639.73	1472.49
639.92	1464.30
640.11	1470.44
640.31	1517.54
640.50	1449.96
640.69	1452.01
640.88	1544.17
641.08	1425.39
641.27	1576.94
641.46	1507.30
641.65	1564.65
641.84	1419.24
642.04	1402.86
642.23	1509.35
642.42	1527.78
642.61	1466.35
642.81	1411.05
643.00	1425.39
643.19	1519.59
643.38	1554.41
643.57	1515.50
643.77	1462.25
643.96	1392.62
644.15	1501.16
644.34	1550.31
644.53	1421.29
644.73	1314.80
644.92	1486.83
645.11	1320.94
645.30	1433.58
645.49	1388.52
645.69	1427.43
645.88	1421.29
646.07	1460.20
646.26	1460.20
646.45	1376.24
646.65	1363.95
646.84	1384.43
647.03	1427.43
647.22	1366.00
647.41	1474.54
647.60	1466.35
647.80	1411.05
647.99	1404.91
648.18	1419.24
648.37	1382.38
648.56	1409.00
648.75	1417.19
648.95	1368.04
649.14	1431.53
649.33	1468.39
649.52	1404.91
649.71	1419.24
649.90	1394.67
650.10	1490.92
650.29	1353.71
650.48	1439.72
650.67	1431.53
650.86	1343.47
651.05	1411.05
651.25	1460.20
651.44	1411.05
651.63	1441.77
651.82	1490.92
652.01	1409.00
652.20	1466.35
652.39	1466.35
652.59	1417.19
652.78	1441.77
652.97	1361.90
653.16	1351.66
653.35	1378.28
653.54	1449.96
653.73	1452.01
653.93	1349.61
654.12	1366.00
654.31	1398.76
654.50	1392.62
654.69	1419.24
654.88	1423.34
655.07	1359.85
655.26	1443.82
655.45	1380.33
655.65	1378.28
655.84	1409.00
656.03	1351.66
656.22	1351.66
656.41	1435.63
656.60	1384.43
656.79	1363.95
656.98	1447.91
657.17	1386.47
657.37	1370.09
657.56	1421.29
657.75	1337.32
657.94	1384.43
658.13	1433.58
658.32	1384.43
658.51	1482.73
658.70	1478.63
658.89	1380.33
659.08	1368.04
659.28	1458.15
659.47	1443.82
659.66	1490.92
659.85	1443.82
660.04	1425.39
660.23	1386.47
660.42	1386.47
660.61	1368.04
660.80	1417.19
660.99	1411.05
661.18	1392.62
661.37	1359.85
661.56	1404.91
661.76	1382.38
661.95	1339.37
662.14	1318.89
662.33	1370.09
662.52	1366.00
662.71	1437.67
662.90	1247.21
663.09	1353.71
663.28	1355.76
663.47	1277.93
663.66	1458.15
663.85	1468.39
664.04	1427.43
664.23	1353.71
664.42	1390.57
664.61	1413.10
664.80	1361.90
664.99	1355.76
665.19	1392.62
665.38	1370.09
665.57	1372.14
665.76	1368.04
665.95	1425.39
666.14	1355.76
666.33	1462.25
666.52	1349.61
666.71	1368.04
666.90	1400.81
667.09	1437.67
667.28	1472.49
667.47	1443.82
667.66	1439.72
667.85	1443.82
668.04	1435.63
668.23	1376.24
668.42	1351.66
668.61	1359.85
668.80	1380.33
668.99	1337.32
669.18	1462.25
669.37	1335.28
669.56	1286.12
669.75	1429.48
669.94	1411.05
670.13	1427.43
670.32	1343.47
670.51	1366.00
670.70	1409.00
670.89	1349.61
671.08	1320.94
671.27	1298.41
671.46	1308.65
671.65	1302.51
671.84	1337.32
672.03	1406.95
672.22	1409.00
672.41	1400.81
672.60	1353.71
672.79	1396.71
672.98	1302.51
673.17	1372.14
673.36	1343.47
673.55	1329.13
673.74	1339.37
673.93	1347.56
674.12	1359.85
674.31	1419.24
674.50	1308.65
674.69	1374.19
674.88	1421.29
675.07	1458.15
675.26	1474.54
675.45	1437.67
675.64	1378.28
675.82	1460.20
676.01	1402.86
676.20	1372.14
676.39	1402.86
676.58	1433.58
676.77	1345.52
676.96	1349.61
677.15	1335.28
677.34	1261.55
677.53	1384.43
677.72	1298.41
677.91	1370.09
678.10	1335.28
678.29	1320.94
678.48	1357.80
678.67	1318.89
678.86	1347.56
679.05	1335.28
679.23	1294.32
679.42	1351.66
679.61	1347.56
679.80	1335.28
679.99	1361.90
680.18	1282.03
680.37	1331.18
680.56	1376.24
680.75	1392.62
680.94	1302.51
681.13	1302.51
681.32	1359.85
681.51	1320.94
681.69	1296.36
681.88	1345.52
682.07	1314.80
682.26	1292.27
682.45	1218.54
682.64	1243.12
682.83	1300.46
683.02	1370.09
683.21	1378.28
683.40	1228.78
683.58	1363.95
683.77	1306.60
683.96	1220.59
684.15	1230.83
684.34	1351.66
684.53	1351.66
684.72	1257.45
684.91	1294.32
685.10	1372.14
685.28	1376.24
685.47	1298.41
685.66	1306.60
685.85	1441.77
686.04	1386.47
686.23	1390.57
686.42	1263.60
686.61	1468.39
686.79	1490.92
686.98	1335.28
687.17	1425.39
687.36	1359.85
687.55	1392.62
687.74	1318.89
687.93	1359.85
688.11	1347.56
688.30	1331.18
688.49	1388.52
688.68	1304.56
688.87	1327.08
689.06	1247.21
689.25	1261.55
689.43	1322.99
689.62	1335.28
689.81	1368.04
690.00	1298.41
690.19	1339.37
690.38	1341.42
690.56	1417.19
690.75	1417.19
690.94	1308.65
691.13	1366.00
691.32	1286.12
691.51	1279.98
691.69	1366.00
691.88	1368.04
692.07	1220.59
692.26	1363.95
692.45	1394.67
692.64	1322.99
692.82	1277.93
693.01	1443.82
693.20	1382.38
693.39	1335.28
693.58	1390.57
693.77	1368.04
693.95	1320.94
694.14	1310.70
694.33	1320.94
694.52	1335.28
694.71	1386.47
694.89	1359.85
695.08	1609.70
695.27	2404.32
695.46	3516.36
695.65	4786.10
695.83	6498.20
696.02	8005.51
696.21	8687.48
696.40	9199.48
696.59	8693.63
696.77	8284.03
696.96	7339.92
697.15	6399.90
697.34	5740.46
697.52	5107.63
697.71	4460.48
697.90	4030.40
698.09	3456.97
698.28	3129.30
698.46	2772.95
698.65	2502.62
698.84	2072.54
699.03	1943.52
699.21	1697.77
699.40	1544.17
699.59	1499.11
699.78	1409.00
699.96	1351.66
700.15	1298.41
700.34	1286.12
700.53	1320.94
700.72	1253.36
700.90	1245.16
701.09	1318.89
701.28	1347.56
701.47	1255.40
701.65	1368.04
701.84	1212.40
702.03	1286.12
702.21	1390.57
702.40	1400.81
702.59	1378.28
702.78	1439.72
702.96	1374.19
703.15	1417.19
703.34	1327.08
703.53	1310.70
703.71	1361.90
703.90	1363.95
704.09	1370.09
704.28	1423.34
704.46	1284.08
704.65	1306.60
704.84	1355.76
705.02	1374.19
705.21	1482.73
705.40	1691.62
705.59	2193.37
705.77	3133.39
705.96	3878.85
706.15	4921.27
706.33	5392.30
706.52	5836.71
706.71	5668.78
706.90	5439.40
707.08	4888.50
707.27	4579.26
707.46	3971.01
707.64	3563.47
707.83	3123.15
708.02	2809.81
708.20	2588.63
708.39	2330.59
708.58	2121.70
708.77	2015.20
708.95	1794.02
709.14	1744.87
709.33	1671.14
709.51	1417.19
709.70	1439.72
709.89	1394.67
710.07	1460.20
710.26	1425.39
710.45	1353.71
710.63	1413.10
710.82	1318.89
711.01	1318.89
711.19	1277.93
711.38	1312.75
711.57	1370.09
711.75	1327.08
711.94	1298.41
712.13	1320.94
712.31	1234.93
712.50	1327.08
712.69	1386.47
712.87	1257.45
713.06	1269.74
713.25	1343.47
713.43	1386.47
713.62	1384.43
713.81	1476.59
713.99	1624.04
714.18	1656.81
714.36	1732.58
714.55	1871.84
714.74	1785.83
714.92	1552.36
715.11	1617.90
715.30	1583.08
715.48	1591.27
715.67	1476.59
715.86	1609.70
716.04	1507.30
716.23	1351.66
716.41	1468.39
716.60	1402.86
716.79	1386.47
716.97	1310.70
717.16	1404.91
717.35	1325.04
717.53	1308.65
717.72	1294.32
717.90	1314.80
718.09	1263.60
718.28	1312.75
718.46	1282.03
718.65	1318.89
718.83	1239.02
719.02	1363.95
719.21	1316.84
719.39	1214.45
719.58	1277.93
719.76	1208.30
719.95	1320.94
720.14	1343.47
720.32	1359.85
720.51	1337.32
720.69	1286.12
720.88	1251.31
721.07	1384.43
721.25	1226.73
721.44	1378.28
721.62	1318.89
721.81	1329.13
721.99	1247.21
722.18	1259.50
722.37	1296.36
722.55	1277.93
722.74	1216.49
722.92	1306.60
723.11	1308.65
723.29	1245.16
723.48	1343.47
723.67	1329.13
723.85	1259.50
724.04	1327.08
724.22	1359.85
724.41	1265.64
724.59	1329.13
724.78	1288.17
724.96	1271.79
725.15	1308.65
725.34	1255.40
725.52	1339.37
725.71	1302.51
725.89	1417.19
726.08	1511.40
726.26	1775.59
726.45	2232.29
726.63	2547.67
726.82	2709.46
727.00	2949.08
727.19	2947.03
727.37	2904.02
727.56	2731.99
727.75	2449.37
727.93	2322.40
728.12	2105.31
728.30	2029.54
728.49	1978.34
728.67	1814.50
728.86	1871.84
729.04	1638.38
729.23	1601.51
729.41	1490.92
729.60	1462.25
729.78	1499.11
729.97	1378.28
730.15	1312.75
730.34	1411.05
730.52	1372.14
730.71	1320.94
730.89	1294.32
731.08	1380.33
731.26	1325.04
731.45	1277.93
731.63	1333.23
731.82	1263.60
732.00	1279.98
732.19	1249.26
732.37	1239.02
732.56	1363.95
732.74	1224.69
732.93	1236.97
733.11	1261.55
733.30	1296.36
733.48	1335.28
733.67	1304.56
733.85	1306.60
734.04	1288.17
734.22	1302.51
734.41	1370.09
734.59	1210.35
734.77	1370.09
734.96	1327.08
735.14	1392.62
735.33	1294.32
735.51	1288.17
735.70	1351.66
735.88	1384.43
736.07	1384.43
736.25	1435.63
736.44	1322.99
736.62	1351.66
736.80	1462.25
736.99	1787.88
737.17	2334.68
737.36	3565.51
737.54	4917.17
737.73	6580.12
737.91	7640.97
738.10	8707.96
738.28	8875.90
738.46	8710.01
738.65	7630.73
738.83	6997.91
739.02	6084.52
739.20	5375.92
739.39	4708.28
739.57	4280.25
739.75	3831.75
739.94	3428.30
740.12	2873.30
740.31	2621.40
740.49	2363.36
740.68	2097.12
740.86	1968.10
741.04	1847.27
741.23	1667.05
741.41	1527.78
741.60	1486.83
741.78	1372.14
741.96	1411.05
742.15	1320.94
742.33	1318.89
742.52	1329.13
742.70	1372.14
742.88	1320.94
743.07	1378.28
743.25	1322.99
743.44	1304.56
743.62	1279.98
743.80	1425.39
743.99	1404.91
744.17	1320.94
744.36	1312.75
744.54	1355.76
744.72	1239.02
744.91	1265.64
745.09	1277.93
745.27	1273.84
745.46	1286.12
745.64	1263.60
745.83	1304.56
746.01	1331.18
746.19	1396.71
746.38	1294.32
746.56	1337.32
746.74	1329.13
746.93	1343.47
747.11	1349.61
747.29	1345.52
747.48	1279.98
747.66	1286.12
747.85	1425.39
748.03	1411.05
748.21	1351.66
748.40	1452.01
748.58	1370.09
748.76	1380.33
748.95	1462.25
749.13	1757.16
749.31	2713.56
749.50	3913.67
749.68	5097.39
749.86	6148.00
750.05	6889.37
750.23	7831.43
750.41	8789.88
750.60	9310.07
750.78	9715.56
750.96	10067.81
751.15	9942.89
751.33	9799.53
751.51	9174.90
751.70	8245.12
751.88	6965.14
752.06	5959.59
752.25	5347.25
752.43	4730.81
752.61	4032.45
752.79	3596.23
752.98	3160.02
753.16	2772.95
753.34	2457.56
753.53	2197.47
753.71	2039.78
753.89	1970.15
754.08	1757.16
754.26	1769.44
754.44	1525.74
754.62	1458.15
754.81	1490.92
754.99	1421.29
755.17	1343.47
755.36	1349.61
755.54	1261.55
755.72	1402.86
755.91	1347.56
756.09	1288.17
756.27	1335.28
756.45	1255.40
756.64	1290.22
756.82	1267.69
757.00	1304.56
757.18	1286.12
757.37	1411.05
757.55	1284.08
757.73	1308.65
757.92	1255.40
758.10	1351.66
758.28	1345.52
758.46	1335.28
758.65	1327.08
758.83	1386.47
759.01	1269.74
759.19	1288.17
759.38	1404.91
759.56	1302.51
759.74	1306.60
759.92	1351.66
760.11	1361.90
760.29	1402.86
760.47	1298.41
760.65	1329.13
760.84	1433.58
761.02	1429.48
761.20	1312.75
761.38	1517.54
761.56	1427.43
761.75	1515.50
761.93	1466.35
762.11	2070.50
762.29	4171.71
762.48	8789.88
762.66	14817.05
762.84	20895.43
763.02	25491.07
763.20	29791.80
763.39	31428.13
763.57	30354.99
763.75	26705.51
763.93	22564.52
764.12	18753.25
764.30	15744.78
764.48	13594.42
764.66	11212.63
764.84	9783.15
765.03	8316.80
765.21	7788.43
765.39	8601.47
765.57	11239.25
765.75	13696.82
765.94	16013.07
766.12	17286.90
766.30	18781.92
766.48	17682.16
766.66	15693.58
766.84	13223.73
767.03	11052.89
767.21	9023.35
767.39	7645.07
767.57	6508.44
767.75	5463.98
767.94	4802.49
768.12	4247.49
768.30	4001.73
768.48	3678.15
768.66	4040.64
768.84	5201.84
769.03	7036.82
769.21	8658.81
769.39	10123.11
769.57	11319.12
769.75	11571.02
769.93	10993.50
770.11	9621.36
770.30	8152.96
770.48	6748.06
770.66	5783.46
770.84	5038.00
771.02	4636.60
771.20	4855.73
771.39	6627.23
771.57	8933.24
771.75	11433.81
771.93	13377.33
772.11	14618.40
772.29	15290.13
772.47	14640.93
772.65	12232.52
772.84	10076.01
773.02	8415.10
773.20	7032.72
773.38	5816.23
773.56	5021.62
773.74	4163.52
773.92	3751.88
774.10	3432.40
774.29	3030.99
774.47	2772.95
774.65	2607.06
774.83	2500.57
775.01	2326.49
775.19	2203.61
775.37	2031.58
775.55	1877.99
775.73	1630.18
775.92	1523.69
776.10	1409.00
776.28	1382.38
776.46	1290.22
776.64	1429.48
776.82	1380.33
777.00	1314.80
777.18	1294.32
777.36	1220.59
777.54	1296.36
777.72	1376.24
777.91	1255.40
778.09	1282.03
778.27	1314.80
778.45	1343.47
778.63	1279.98
778.81	1294.32
778.99	1236.97
779.17	1212.40
779.35	1279.98
779.53	1296.36
779.71	1298.41
779.89	1345.52
780.07	1404.91
780.25	1427.43
780.44	1406.95
780.62	1300.46
780.80	1419.24
780.98	1257.45
781.16	1368.04
781.34	1331.18
781.52	1322.99
781.70	1394.67
781.88	1318.89
782.06	1333.23
782.24	1265.64
782.42	1208.30
782.60	1327.08
782.78	1343.47
782.96	1343.47
783.14	1294.32
783.32	1279.98
783.50	1329.13
783.68	1337.32
783.86	1261.55
784.04	1351.66
784.22	1312.75
784.40	1263.60
784.58	1257.45
784.76	1279.98
784.95	1388.52
785.13	1310.70
785.31	1351.66
785.49	1376.24
785.67	1343.47
785.85	1269.74
786.03	1288.17
786.21	1204.21
786.39	1318.89
786.57	1294.32
786.75	1306.60
786.93	1368.04
787.11	1239.02
787.29	1308.65
787.47	1286.12
787.65	1263.60
787.83	1312.75
788.01	1374.19
788.19	1277.93
788.37	1255.40
788.55	1347.56
788.72	1220.59
788.90	1335.28
789.08	1259.50
789.26	1296.36
789.44	1388.52
789.62	1331.18
789.80	1320.94
789.98	1370.09
790.16	1298.41
790.34	1269.74
790.52	1386.47
790.70	1320.94
790.88	1298.41
791.06	1378.28
791.24	1380.33
791.42	1275.88
791.60	1234.93
791.78	1282.03
791.96	1310.70
792.14	1329.13
792.32	1279.98
792.50	1417.19
792.68	1359.85
792.86	1384.43
793.04	1304.56
793.22	1337.32
793.39	1495.02
793.57	1703.91
793.75	2633.69
793.93	4188.10
794.11	5679.02
794.29	6649.75
794.47	7540.62
794.65	7929.74
794.83	7540.62
795.01	6399.90
795.19	5496.75
795.37	4327.36
795.55	3698.63
795.73	3219.41
795.90	2826.20
796.08	2519.00
796.26	2416.60
796.44	2303.96
796.62	2133.98
796.80	2232.29
796.98	2123.74
797.16	1939.43
797.34	1937.38
797.52	1892.32
797.70	1871.84
797.87	1744.87
798.05	1740.77
798.23	1454.06
798.41	1411.05
798.59	1445.87
798.77	1394.67
798.95	1468.39
799.13	1347.56
799.31	1544.17
799.48	1845.22
799.66	2539.48
799.84	3479.50
800.02	4022.21
800.20	4581.31
800.38	5754.79
800.56	7010.20
800.74	7706.51
800.91	8126.34
801.09	8451.97
801.27	8664.96
801.45	7903.11
801.63	6987.67
801.81	5756.84
801.99	4511.68
802.16	3958.72
802.34	3385.29
802.52	3100.62
802.70	2983.89
802.88	2818.00
803.06	2602.97
803.24	2408.41
803.41	2389.98
803.59	2297.82
803.77	2158.56
803.95	2084.83
804.13	1957.86
804.31	1859.56
804.48	1787.88
804.66	1716.20
804.84	1468.39
805.02	1490.92
805.20	1527.78
805.38	1376.24
805.55	1409.00
805.73	1361.90
805.91	1335.28
806.09	1392.62
806.27	1263.60
806.44	1316.84
806.62	1343.47
806.80	1411.05
806.98	1394.67
807.16	1316.84
807.34	1245.16
807.51	1411.05
807.69	1357.80
807.87	1312.75
808.05	1370.09
808.23	1269.74
808.40	1415.15
808.58	1449.96
808.76	1495.02
808.94	1583.08
809.11	1945.57
809.29	3061.71
809.47	4530.11
809.65	6365.09
809.83	7585.68
810.00	8486.78
810.18	9222.00
810.36	10948.44
810.54	14329.64
810.72	18505.45
810.89	22073.01
811.07	24276.62
811.25	25640.57
811.43	25167.49
811.60	22218.41
811.78	17424.12
811.96	13918.00
812.14	11087.70
812.31	9504.62
812.49	8306.56
812.67	7206.80
812.85	6588.32
813.02	6125.47
813.20	5566.38
813.38	5392.30
813.56	4792.25
813.73	4470.72
813.91	4050.88
814.09	3737.54
814.27	3665.86
814.44	3254.22
814.62	3010.51
814.80	2588.63
814.98	2416.60
815.15	2179.04
815.33	1800.16
815.51	1671.14
815.69	1507.30
815.86	1619.94
816.04	1472.49
816.22	1478.63
816.39	1423.34
816.57	1556.46
816.75	1728.49
816.93	1804.26
817.10	3162.06
817.28	5355.44
817.46	9086.84
817.63	11878.22
817.81	13651.76
817.99	15372.05
818.17	16824.06
818.34	18702.05
818.52	21325.50
818.70	24903.30
818.87	27074.15
819.05	29359.68
819.23	29832.76
819.40	29044.29
819.58	24778.37
819.76	19721.94
819.93	15376.15
820.11	13123.38
820.29	11329.36
820.46	10217.32
820.64	8863.61
820.82	8161.16
821.00	7530.38
821.17	6823.83
821.35	6326.18
821.53	5971.88
821.70	5408.69
821.88	4702.14
822.06	4360.13
822.23	4054.98
822.41	3635.14
822.59	3444.68
822.76	3055.57
822.94	2662.36
823.11	2377.69
823.29	1968.10
823.47	1853.41
823.64	1658.85
823.82	1648.61
824.00	1511.40
824.17	1382.38
824.35	1441.77
824.53	1433.58
824.70	1406.95
824.88	1376.24
825.06	1507.30
825.23	1941.47
825.41	2334.68
825.58	3299.28
825.76	4095.94
825.94	4478.91
826.11	4966.32
826.29	5160.88
826.47	4614.07
826.64	4345.79
826.82	3311.57
826.99	2869.20
827.17	2633.69
827.35	2377.69
827.52	2396.12
827.70	2203.61
827.87	2109.41
828.05	2043.87
828.23	1998.82
828.40	1943.52
828.58	1927.14
828.75	1937.38
828.93	1744.87
829.11	1777.64
829.28	1767.40
829.46	1611.75
829.63	1599.46
829.81	1611.75
829.99	1492.97
830.16	1417.19
830.34	1390.57
830.51	1296.36
830.69	1277.93
830.87	1404.91
831.04	1322.99
831.22	1255.40
831.39	1286.12
831.57	1288.17
831.74	1286.12
831.92	1308.65
832.10	1253.36
832.27	1257.45
832.45	1304.56
832.62	1355.76
832.80	1279.98
832.97	1198.06
833.15	1331.18
833.32	1261.55
833.50	1282.03
833.68	1353.71
833.85	1269.74
834.03	1181.68
834.20	1239.02
834.38	1318.89
834.55	1249.26
834.73	1327.08
834.90	1310.70
835.08	1255.40
835.25	1198.06
835.43	1279.98
835.60	1232.88
835.78	1294.32
835.96	1273.84
836.13	1298.41
836.31	1253.36
836.48	1232.88
836.66	1269.74
836.83	1337.32
837.01	1220.59
837.18	1222.64
837.36	1189.87
837.53	1269.74
837.71	1310.70
837.88	1335.28
838.06	1296.36
838.23	1374.19
838.41	1353.71
838.58	1296.36
838.76	1304.56
838.93	1359.85
839.11	1320.94
839.28	1294.32
839.46	1529.83
839.63	1972.19
839.81	2838.48
839.98	3727.30
840.16	4564.92
840.33	5054.39
840.51	5203.89
840.68	5197.74
840.86	5156.79
841.03	4292.54
841.21	4227.01
841.38	4636.60
841.55	5566.38
841.73	6545.31
841.90	7057.30
842.08	7407.50
842.25	7526.29
842.43	7208.85
842.60	6467.49
842.78	5433.26
842.95	4679.61
843.13	4147.14
843.30	3891.14
843.48	3452.88
843.65	3385.29
843.82	3231.69
844.00	3125.20
844.17	2744.28
844.35	2633.69
844.52	2609.11
844.70	2469.85
844.87	2207.71
845.05	2064.35
845.22	1998.82
845.39	1933.28
845.57	1759.21
845.74	1826.79
845.92	1771.49
846.09	1591.27
846.27	1558.50
846.44	1495.02
846.61	1458.15
846.79	1349.61
846.96	1376.24
847.14	1286.12
847.31	1241.07
847.48	1402.86
847.66	1171.44
847.83	1318.89
848.01	1302.51
848.18	1222.64
848.35	1288.17
848.53	1331.18
848.70	1310.70
848.88	1204.21
849.05	1331.18
849.22	1189.87
849.40	1236.97
849.57	1220.59
849.75	1239.02
849.92	1265.64
850.09	1298.41
850.27	1226.73
850.44	1370.09
850.62	1304.56
850.79	1279.98
850.96	1394.67
851.14	1652.71
851.31	1998.82
851.48	2346.97
851.66	2490.33
851.83	2492.38
852.01	2555.86
852.18	2443.23
852.35	2301.92
852.53	2056.16
852.70	1986.53
852.87	1837.03
853.05	1744.87
853.22	1703.91
853.39	1746.92
853.57	1683.43
853.74	1609.70
853.91	1515.50
854.09	1552.36
854.26	1574.89
854.43	1486.83
854.61	1443.82
854.78	1447.91
854.95	1501.16
855.13	1466.35
855.30	1359.85
855.47	1417.19
855.65	1398.76
855.82	1392.62
855.99	1345.52
856.17	1322.99
856.34	1245.16
856.51	1236.97
856.69	1261.55
856.86	1261.55
857.03	1279.98
857.21	1300.46
857.38	1253.36
857.55	1347.56
857.73	1318.89
857.90	1413.10
858.07	1243.12
858.24	1204.21
858.42	1302.51
858.59	1196.01
858.76	1247.21
858.94	1277.93
859.11	1318.89
859.28	1312.75
859.46	1286.12
859.63	1241.07
859.80	1286.12
859.97	1327.08
860.15	1202.16
860.32	1253.36
860.49	1275.88
860.67	1140.72
860.84	1216.49
861.01	1181.68
861.18	1284.08
861.36	1304.56
861.53	1267.69
861.70	1263.60
861.87	1318.89
862.05	1312.75
862.22	1224.69
862.39	1374.19
862.56	1234.93
862.74	1234.93
862.91	1230.83
863.08	1196.01
863.25	1228.78
863.43	1259.50
863.60	1335.28
863.77	1253.36
863.94	1300.46
864.12	1304.56
864.29	1310.70
864.46	1212.40
864.63	1247.21
864.81	1232.88
864.98	1341.42
865.15	1228.78
865.32	1310.70
865.50	1273.84
865.67	1265.64
865.84	1406.95
866.01	1320.94
866.18	1441.77
866.36	1388.52
866.53	1460.20
866.70	1439.72
866.87	1355.76
867.04	1423.34
867.22	1337.32
867.39	1320.94
867.56	1347.56
867.73	1411.05
867.90	1351.66
868.08	1294.32
868.25	1282.03
868.42	1359.85
868.59	1230.83
868.76	1370.09
868.94	1220.59
869.11	1277.93
869.28	1290.22
869.45	1208.30
869.62	1267.69
869.80	1333.23
869.97	1294.32
870.14	1392.62
870.31	1320.94
870.48	1273.84
870.65	1267.69
870.83	1363.95
871.00	1259.50
871.17	1308.65
871.34	1224.69
871.51	1269.74
871.68	1198.06
871.86	1214.45
872.03	1200.11
872.20	1212.40
872.37	1218.54
872.54	1257.45
872.71	1214.45
872.89	1310.70
873.06	1310.70
873.23	1193.97
873.40	1282.03
873.57	1296.36
873.74	1187.82
873.91	1241.07
874.09	1267.69
874.26	1300.46
874.43	1212.40
874.60	1253.36
874.77	1292.27
874.94	1230.83
875.11	1255.40
875.28	1230.83
875.46	1253.36
875.63	1232.88
875.80	1187.82
875.97	1222.64
876.14	1306.60
876.31	1257.45
876.48	1288.17
876.65	1255.40
876.82	1372.14
877.00	1202.16
877.17	1337.32
877.34	1245.16
877.51	1245.16
877.68	1228.78
877.85	1214.45
878.02	1265.64
878.19	1253.36
878.36	1228.78
878.53	1245.16
878.70	1146.86
878.88	1200.11
879.05	1370.09
879.22	1236.97
879.39	1284.08
879.56	1294.32
879.73	1318.89
879.90	1257.45
880.07	1282.03
880.24	1259.50
880.41	1261.55
880.58	1257.45
880.75	1308.65
880.92	1277.93
881.10	1204.21
881.27	1302.51
881.44	1177.58
881.61	1374.19
881.78	1279.98
881.95	1236.97
882.12	1257.45
882.29	1181.68
882.46	1255.40
882.63	1163.25
882.80	1212.40
882.97	1208.30
883.14	1200.11
883.31	1212.40
883.48	1306.60
883.65	1183.73
883.82	1257.45
883.99	1165.29
884.16	1251.31
884.33	1187.82
884.50	1306.60
884.67	1294.32
884.84	1247.21
885.01	1228.78
885.18	1161.20
885.35	1277.93
885.52	1296.36
885.69	1310.70
885.86	1392.62
886.03	1314.80
886.21	1185.77
886.38	1263.60
886.55	1224.69
886.72	1165.29
886.89	1234.93
887.06	1216.49
887.23	1089.52
887.39	1247.21
887.56	1333.23
887.73	1288.17
887.90	1247.21
888.07	1347.56
888.24	1333.23
888.41	1249.26
888.58	1273.84
888.75	1230.83
888.92	1306.60
889.09	1378.28
889.26	1107.95
889.43	1204.21
889.60	1355.76
889.77	1279.98
889.94	1279.98
890.11	1279.98
890.28	1327.08
890.45	1230.83
890.62	1249.26
890.79	1247.21
890.96	1335.28
891.13	1261.55
891.30	1310.70
891.47	1257.45
891.64	1255.40
891.81	1269.74
891.98	1257.45
892.15	1234.93
892.32	1304.56
892.48	1245.16
892.65	1273.84
892.82	1155.05
892.99	1236.97
893.16	1253.36
893.33	1269.74
893.50	1245.16
893.67	1286.12
893.84	1224.69
894.01	1212.40
894.18	1286.12
894.35	1232.88
894.52	1329.13
894.68	1239.02
894.85	1288.17
895.02	1251.31
895.19	1279.98
