177.85	1081.33
178.07	1081.33
178.28	1081.33
178.50	1021.94
178.72	1040.37
178.94	1296.36
179.16	1167.34
179.38	1196.01
179.59	1279.98
179.81	1265.64
180.03	1294.32
180.25	1220.59
180.47	1210.35
180.68	1220.59
180.90	1228.78
181.12	1140.72
181.34	1273.84
181.56	1175.53
181.78	1204.21
181.99	1230.83
182.21	1263.60
182.43	1224.69
182.65	1273.84
182.87	1247.21
183.08	1337.32
183.30	1212.40
183.52	1261.55
183.74	1263.60
183.96	1327.08
184.17	1294.32
184.39	1236.97
184.61	1368.04
184.83	1351.66
185.05	1294.32
185.26	1417.19
185.48	1402.86
185.70	1366.00
185.92	1347.56
186.14	1409.00
186.35	1349.61
186.57	1351.66
186.79	1417.19
187.01	1206.25
187.23	1255.40
187.44	1263.60
187.66	1261.55
187.88	1189.87
188.10	1286.12
188.32	1275.88
188.53	1318.89
188.75	1327.08
188.97	1271.79
189.19	1214.45
189.41	1331.18
189.62	1267.69
189.84	1306.60
190.06	1148.91
190.28	1220.59
190.49	1277.93
190.71	1335.28
190.93	1339.37
191.15	1339.37
191.37	1286.12
191.58	1267.69
191.80	1300.46
192.02	1337.32
192.24	1318.89
192.45	1253.36
192.67	1320.94
192.89	1232.88
193.11	1279.98
193.33	1255.40
193.54	1335.28
193.76	1296.36
193.98	1282.03
194.20	1265.64
194.41	1261.55
194.63	1310.70
194.85	1257.45
195.07	1232.88
195.28	1345.52
195.50	1138.67
195.72	1228.78
195.94	1286.12
196.16	1302.51
196.37	1265.64
196.59	1228.78
196.81	1294.32
197.03	1347.56
197.24	1273.84
197.46	1312.75
197.68	1273.84
197.90	1288.17
198.11	1314.80
198.33	1236.97
198.55	1263.60
198.77	1236.97
198.98	1269.74
199.20	1239.02
199.42	1302.51
199.64	1179.63
199.85	1220.59
200.07	1261.55
200.29	1243.12
200.51	1302.51
200.72	1318.89
200.94	1345.52
201.16	1327.08
201.37	1396.71
201.59	1228.78
201.81	1351.66
202.03	1337.32
202.24	1261.55
202.46	1279.98
202.68	1253.36
202.90	1226.73
203.11	1196.01
203.33	1253.36
203.55	1228.78
203.77	1271.79
203.98	1318.89
204.20	1206.25
204.42	1224.69
204.63	1460.20
204.85	1363.95
205.07	1298.41
205.29	1351.66
205.50	1306.60
205.72	1345.52
205.94	1322.99
206.15	1236.97
206.37	1306.60
206.59	1273.84
206.81	1253.36
207.02	1277.93
207.24	1320.94
207.46	1279.98
207.67	1312.75
207.89	1292.27
208.11	1271.79
208.33	1349.61
208.54	1316.84
208.76	1282.03
208.98	1304.56
209.19	1359.85
209.41	1265.64
209.63	1271.79
209.85	1277.93
210.06	1302.51
210.28	1230.83
210.50	1279.98
210.71	1310.70
210.93	1296.36
211.15	1388.52
211.36	1292.27
211.58	1327.08
211.80	1370.09
212.02	1222.64
212.23	1239.02
212.45	1239.02
212.67	1212.40
212.88	1288.17
213.10	1357.80
213.32	1277.93
213.53	1288.17
213.75	1318.89
213.97	1302.51
214.18	1189.87
214.40	1343.47
214.62	1236.97
214.83	1175.53
215.05	1316.84
215.27	1337.32
215.48	1245.16
215.70	1261.55
215.92	1228.78
216.14	1353.71
216.35	1308.65
216.57	1255.40
216.79	1208.30
217.00	1236.97
217.22	1339.37
217.44	1296.36
217.65	1288.17
217.87	1300.46
218.09	1351.66
218.30	1312.75
218.52	1257.45
218.74	1294.32
218.95	1320.94
219.17	1335.28
219.39	1310.70
219.60	1325.04
219.82	1304.56
220.04	1353.71
220.25	1406.95
220.47	1306.60
220.69	1384.43
220.90	1329.13
221.12	1343.47
221.33	1234.93
221.55	1294.32
221.77	1345.52
221.98	1269.74
222.20	1337.32
222.42	1400.81
222.63	1271.79
222.85	1314.80
223.07	1294.32
223.28	1345.52
223.50	1284.08
223.72	1343.47
223.93	1400.81
224.15	1239.02
224.37	1290.22
224.58	1222.64
224.80	1277.93
225.01	1347.56
225.23	1343.47
225.45	1320.94
225.66	1241.07
225.88	1273.84
226.10	1359.85
226.31	1228.78
226.53	1327.08
226.75	1343.47
226.96	1277.93
227.18	1329.13
227.39	1351.66
227.61	1339.37
227.83	1275.88
228.04	1359.85
228.26	1404.91
228.48	1308.65
228.69	1488.87
228.91	1327.08
229.12	1335.28
229.34	1263.60
229.56	1341.42
229.77	1269.74
229.99	1343.47
230.21	1284.08
230.42	1345.52
230.64	1357.80
230.85	1298.41
231.07	1263.60
231.29	1378.28
231.50	1298.41
231.72	1273.84
231.93	1374.19
232.15	1255.40
232.37	1443.82
232.58	1384.43
232.80	1378.28
233.02	1417.19
233.23	1320.94
233.45	1273.84
233.66	1351.66
233.88	1306.60
234.10	1261.55
234.31	1394.67
234.53	1368.04
234.74	1411.05
234.96	1411.05
235.18	1378.28
235.39	1327.08
235.61	1302.51
235.82	1458.15
236.04	1359.85
236.25	1421.29
236.47	1421.29
236.69	1376.24
236.90	1386.47
237.12	1419.24
237.33	1404.91
237.55	1458.15
237.77	1423.34
237.98	1411.05
238.20	1468.39
238.41	1415.15
238.63	1507.30
238.85	1540.07
239.06	1460.20
239.28	1413.10
239.49	1423.34
239.71	1472.49
239.92	1421.29
240.14	1388.52
240.36	1540.07
240.57	1443.82
240.79	1468.39
241.00	1517.54
241.22	1443.82
241.43	1511.40
241.65	1568.74
241.87	1484.78
242.08	1507.30
242.30	1466.35
242.51	1468.39
242.73	1402.86
242.94	1482.73
243.16	1648.61
243.37	1632.23
243.59	1667.05
243.81	1832.93
244.02	1765.35
244.24	1818.60
244.45	1802.21
244.67	1789.92
244.88	1974.24
245.10	1746.92
245.31	1884.13
245.53	1828.84
245.75	1986.53
245.96	1900.52
246.18	1837.03
246.39	1964.00
246.61	1941.47
246.82	1949.67
247.04	1929.19
247.25	2113.50
247.47	2142.18
247.68	2146.27
247.90	2199.52
248.12	2295.77
248.33	2164.70
248.55	2320.35
248.76	2217.95
248.98	2185.18
249.19	2283.49
249.41	2338.78
249.62	2428.89
249.84	2594.78
250.05	2447.32
250.27	2809.81
250.48	3117.01
250.70	3653.58
250.92	4399.04
251.13	6240.16
251.35	9879.40
251.56	16502.53
251.78	27479.64
251.99	41317.77
252.21	60845.15
252.42	65535.00
252.64	65535.00
252.85	65535.00
253.07	65535.00
253.28	65535.00
253.50	65535.00
253.71	65535.00
253.93	65535.00
254.14	65535.00
254.36	65535.00
254.57	65535.00
254.79	65535.00
255.00	65535.00
255.22	65535.00
255.43	65535.00
255.65	65535.00
255.86	65535.00
256.08	65535.00
256.29	65535.00
256.51	65535.00
256.72	65535.00
256.94	65535.00
257.15	65535.00
257.37	65535.00
257.58	65535.00
257.80	65535.00
258.01	65535.00
258.23	62002.25
258.44	35370.47
258.66	2252.77
258.87	2129.89
259.09	2023.39
259.30	2066.40
259.52	2019.30
259.73	1869.80
259.95	1916.90
260.16	1966.05
260.38	1929.19
260.59	1865.70
260.81	1826.79
261.02	1724.39
261.24	1726.44
261.45	1744.87
261.67	1660.90
261.88	1740.77
262.10	1757.16
262.31	1722.34
262.53	1501.16
262.74	1558.50
262.96	1540.07
263.17	1662.95
263.38	1564.65
263.60	1621.99
263.81	1640.42
264.03	1740.77
264.24	1736.68
264.46	1902.56
264.67	1976.29
264.89	2007.01
265.10	2007.01
265.32	1992.67
265.53	1974.24
265.75	1916.90
265.96	1779.68
266.18	1697.77
266.39	1665.00
266.60	1630.18
266.82	1566.70
267.03	1542.12
267.25	1386.47
267.46	1538.02
267.68	1441.77
267.89	1474.54
268.11	1449.96
268.32	1468.39
268.54	1503.21
268.75	1538.02
268.96	1433.58
269.18	1525.74
269.39	1499.11
269.61	1507.30
269.82	1413.10
270.04	1329.13
270.25	1425.39
270.47	1503.21
270.68	1466.35
270.89	1474.54
271.11	1525.74
271.32	1337.32
271.54	1472.49
271.75	1462.25
271.97	1466.35
272.18	1370.09
272.39	1433.58
272.61	1435.63
272.82	1441.77
273.04	1419.24
273.25	1409.00
273.47	1361.90
273.68	1529.83
273.89	1484.78
274.11	1417.19
274.32	1474.54
274.54	1499.11
274.75	1449.96
274.97	1546.22
275.18	1495.02
275.39	1492.97
275.61	1464.30
275.82	1474.54
276.04	1458.15
276.25	1433.58
276.46	1421.29
276.68	1417.19
276.89	1337.32
277.11	1472.49
277.32	1351.66
277.54	1445.87
277.75	1445.87
277.96	1458.15
278.18	1349.61
278.39	1372.14
278.61	1335.28
278.82	1513.45
279.03	1460.20
279.25	1427.43
279.46	1482.73
279.68	1460.20
279.89	1474.54
280.10	1560.55
280.32	1587.18
280.53	1460.20
280.75	1486.83
280.96	1515.50
281.17	1490.92
281.39	1550.31
281.60	1581.03
281.81	1593.32
282.03	1581.03
282.24	1505.26
282.46	1552.36
282.67	1527.78
282.88	1495.02
283.10	1472.49
283.31	1474.54
283.53	1433.58
283.74	1468.39
283.95	1392.62
284.17	1427.43
284.38	1425.39
284.59	1372.14
284.81	1345.52
285.02	1302.51
285.24	1355.76
285.45	1390.57
285.66	1388.52
285.88	1347.56
286.09	1327.08
286.30	1445.87
286.52	1363.95
286.73	1318.89
286.94	1343.47
287.16	1306.60
287.37	1411.05
287.59	1396.71
287.80	1445.87
288.01	1390.57
288.23	1507.30
288.44	1810.40
288.65	1718.25
288.87	1814.50
289.08	1828.84
289.29	1808.36
289.51	1816.55
289.72	1759.21
289.93	1638.38
290.15	1611.75
290.36	1585.13
290.58	1466.35
290.79	1402.86
291.00	1425.39
291.22	1435.63
291.43	1413.10
291.64	1343.47
291.86	1382.38
292.07	1425.39
292.28	1378.28
292.50	1380.33
292.71	1558.50
292.92	1443.82
293.14	1343.47
293.35	1355.76
293.56	1378.28
293.78	1304.56
293.99	1425.39
294.20	1400.81
294.42	1574.89
294.63	1777.64
294.84	2062.30
295.06	2432.99
295.27	2875.35
295.48	3317.71
295.70	4104.13
295.91	5154.74
296.12	6602.65
296.34	7499.66
296.55	8195.97
296.76	8169.35
296.98	7952.26
297.19	6789.02
297.40	5367.73
297.61	4138.94
297.83	3241.93
298.04	2584.54
298.25	1888.23
298.47	1501.16
298.68	1497.07
298.89	1425.39
299.11	1322.99
299.32	1392.62
299.53	1433.58
299.75	1368.04
299.96	1359.85
300.17	1351.66
300.38	1484.78
300.60	1447.91
300.81	1679.33
301.02	1714.15
301.24	1753.06
301.45	1949.67
301.66	2140.13
301.88	2291.68
302.09	2422.75
302.30	2297.82
302.51	2353.12
302.73	2074.59
302.94	1834.98
303.15	1794.02
303.37	1611.75
303.58	1458.15
303.79	1456.11
304.00	1384.43
304.22	1353.71
304.43	1333.23
304.64	1335.28
304.86	1310.70
305.07	1363.95
305.28	1396.71
305.49	1400.81
305.71	1355.76
305.92	1488.87
306.13	1382.38
306.34	1390.57
306.56	1363.95
306.77	1269.74
306.98	1388.52
307.20	1292.27
307.41	1312.75
307.62	1335.28
307.83	1318.89
308.05	1300.46
308.26	1232.88
308.47	1322.99
308.68	1433.58
308.90	1302.51
309.11	1337.32
309.32	1316.84
309.53	1361.90
309.75	1488.87
309.96	1511.40
310.17	1681.38
310.38	1937.38
310.60	2291.68
310.81	2987.99
311.02	3790.79
311.23	4951.99
311.45	6686.62
311.66	8654.72
311.87	11222.87
312.08	14618.40
312.30	18046.70
312.51	21616.31
312.72	25372.28
312.93	25955.96
313.15	25030.27
313.36	22974.11
313.57	19306.20
313.78	14944.03
314.00	10983.26
314.21	7929.74
314.42	5433.26
314.63	3856.33
314.85	2738.13
315.06	2000.87
315.27	1697.77
315.48	1613.80
315.69	1482.73
315.91	1384.43
316.12	1386.47
316.33	1355.76
316.54	1402.86
316.76	1400.81
316.97	1308.65
317.18	1325.04
317.39	1366.00
317.60	1279.98
317.82	1376.24
318.03	1359.85
318.24	1363.95
318.45	1302.51
318.67	1329.13
318.88	1243.12
319.09	1228.78
319.30	1310.70
319.51	1302.51
319.73	1249.26
319.94	1388.52
320.15	1402.86
320.36	1355.76
320.57	1228.78
320.79	1269.74
321.00	1257.45
321.21	1327.08
321.42	1337.32
321.63	1236.97
321.85	1337.32
322.06	1222.64
322.27	1294.32
322.48	1327.08
322.69	1312.75
322.91	1279.98
323.12	1380.33
323.33	1335.28
323.54	1288.17
323.75	1329.13
323.97	1200.11
324.18	1318.89
324.39	1257.45
324.60	1271.79
324.81	1261.55
325.02	1290.22
325.24	1277.93
325.45	1335.28
325.66	1327.08
325.87	1312.75
326.08	1304.56
326.30	1286.12
326.51	1351.66
326.72	1361.90
326.93	1232.88
327.14	1322.99
327.35	1355.76
327.57	1343.47
327.78	1368.04
327.99	1304.56
328.20	1253.36
328.41	1320.94
328.62	1279.98
328.84	1294.32
329.05	1263.60
329.26	1296.36
329.47	1376.24
329.68	1329.13
329.89	1363.95
330.11	1282.03
330.32	1269.74
330.53	1312.75
330.74	1269.74
330.95	1296.36
331.16	1296.36
331.37	1376.24
331.59	1271.79
331.80	1333.23
332.01	1339.37
332.22	1368.04
332.43	1445.87
332.64	1443.82
332.86	1454.06
333.07	1531.88
333.28	1548.26
333.49	1785.83
333.70	1861.60
333.91	1910.75
334.12	1959.91
334.33	2013.15
334.55	1970.15
334.76	1902.56
334.97	1794.02
335.18	1595.37
335.39	1497.07
335.60	1501.16
335.81	1419.24
336.03	1292.27
336.24	1279.98
336.45	1232.88
336.66	1282.03
336.87	1359.85
337.08	1437.67
337.29	1228.78
337.50	1286.12
337.72	1261.55
337.93	1269.74
338.14	1296.36
338.35	1318.89
338.56	1327.08
338.77	1269.74
338.98	1345.52
339.19	1222.64
339.40	1349.61
339.62	1380.33
339.83	1339.37
340.04	1312.75
340.25	1325.04
340.46	1337.32
340.67	1382.38
340.88	1363.95
341.09	1335.28
341.30	1302.51
341.51	1286.12
341.73	1277.93
341.94	1290.22
342.15	1273.84
342.36	1286.12
342.57	1243.12
342.78	1361.90
342.99	1380.33
343.20	1259.50
343.41	1355.76
343.62	1341.42
343.84	1245.16
344.05	1288.17
344.26	1269.74
344.47	1302.51
344.68	1329.13
344.89	1318.89
345.10	1220.59
345.31	1331.18
345.52	1312.75
345.73	1318.89
345.94	1286.12
346.15	1372.14
346.37	1363.95
346.58	1261.55
346.79	1353.71
347.00	1261.55
347.21	1230.83
347.42	1294.32
347.63	1429.48
347.84	1382.38
348.05	1243.12
348.26	1261.55
348.47	1261.55
348.68	1259.50
348.89	1204.21
349.10	1286.12
349.31	1277.93
349.53	1290.22
349.74	1273.84
349.95	1322.99
350.16	1376.24
350.37	1288.17
350.58	1269.74
350.79	1359.85
351.00	1259.50
351.21	1343.47
351.42	1322.99
351.63	1269.74
351.84	1300.46
352.05	1265.64
352.26	1286.12
352.47	1318.89
352.68	1245.16
352.89	1312.75
353.10	1249.26
353.31	1333.23
353.52	1636.33
353.73	1263.60
353.95	1267.69
354.16	1255.40
354.37	1294.32
354.58	1380.33
354.79	1314.80
355.00	1288.17
355.21	1245.16
355.42	1318.89
355.63	1306.60
355.84	1337.32
356.05	1345.52
356.26	1353.71
356.47	1239.02
356.68	1343.47
356.89	1402.86
357.10	1359.85
357.31	1314.80
357.52	1376.24
357.73	1370.09
357.94	1390.57
358.15	1359.85
358.36	1396.71
358.57	1411.05
358.78	1404.91
358.99	1345.52
359.20	1357.80
359.41	1355.76
359.62	1400.81
359.83	1402.86
360.04	1337.32
360.25	1409.00
360.46	1431.53
360.67	1417.19
360.88	1441.77
361.09	1343.47
361.30	1411.05
361.51	1486.83
361.72	1441.77
361.93	1497.07
362.14	1517.54
362.35	1583.08
362.56	1818.60
362.77	2320.35
362.98	3246.03
363.19	4237.25
363.40	5816.23
363.61	7600.01
363.82	9381.74
364.03	11753.29
364.24	14876.44
364.45	19588.82
364.66	25646.71
364.87	29814.33
365.08	33177.09
365.29	34326.00
365.50	33719.81
365.71	29091.40
365.92	23539.35
366.13	19119.84
366.34	16457.48
366.55	13377.33
366.76	11882.31
366.97	9291.63
367.18	7128.98
367.39	5068.72
367.60	3915.72
367.81	3225.55
368.02	2703.32
368.23	2351.07
368.43	2086.88
368.64	1884.13
368.85	1601.51
369.06	1691.62
369.27	1540.07
369.48	1572.84
369.69	1533.93
369.90	1458.15
370.11	1546.22
370.32	1476.59
370.53	1492.97
370.74	1572.84
370.95	1527.78
371.16	1568.74
371.37	1560.55
371.58	1626.09
371.79	1634.28
372.00	1497.07
372.21	1548.26
372.42	1501.16
372.62	1626.09
372.83	1525.74
373.04	1484.78
373.25	1658.85
373.46	1533.93
373.67	1587.18
373.88	1581.03
374.09	1552.36
374.30	1599.46
374.51	1482.73
374.72	1482.73
374.93	1615.85
375.14	1640.42
375.35	1609.70
375.56	1662.95
375.76	1562.60
375.97	1568.74
376.18	1607.66
376.39	1523.69
376.60	1611.75
376.81	1566.70
377.02	1638.38
377.23	1630.18
377.44	1597.42
377.65	1585.13
377.86	1538.02
378.07	1499.11
378.27	1527.78
378.48	1548.26
378.69	1636.33
378.90	1566.70
379.11	1603.56
379.32	1607.66
379.53	1505.26
379.74	1581.03
379.95	1675.24
380.16	1712.10
380.36	1613.80
380.57	1632.23
380.78	1499.11
380.99	1507.30
381.20	1611.75
381.41	1548.26
381.62	1638.38
381.83	1621.99
382.04	1628.14
382.25	1728.49
382.45	1599.46
382.66	1677.29
382.87	1576.94
383.08	1617.90
383.29	1722.34
383.50	1685.48
383.71	1744.87
383.92	1712.10
384.12	1667.05
384.33	1716.20
384.54	1712.10
384.75	1693.67
384.96	1675.24
385.17	1554.41
385.38	1703.91
385.59	1667.05
385.79	1628.14
386.00	1677.29
386.21	1583.08
386.42	1615.85
386.63	1693.67
386.84	1742.82
387.05	1710.05
387.26	1761.25
387.46	1740.77
387.67	1720.29
387.88	1779.68
388.09	1736.68
388.30	1796.07
388.51	1753.06
388.72	1656.81
388.92	1798.12
389.13	1662.95
389.34	1722.34
389.55	1699.81
389.76	1738.73
389.97	1722.34
390.17	1716.20
390.38	1787.88
390.59	1761.25
390.80	1671.14
391.01	1767.40
391.22	1708.01
391.43	1826.79
391.63	1699.81
391.84	1740.77
392.05	1720.29
392.26	1771.49
392.47	1716.20
392.68	1640.42
392.88	1728.49
393.09	1683.43
393.30	1703.91
393.51	1705.96
393.72	1763.30
393.93	1779.68
394.13	1681.38
394.34	1748.97
394.55	1802.21
394.76	1673.19
394.97	1650.66
395.17	1603.56
395.38	1708.01
395.59	1679.33
395.80	1691.62
396.01	1597.42
396.22	1859.56
396.42	1712.10
396.63	1744.87
396.84	1689.57
397.05	1716.20
397.26	1732.58
397.46	1662.95
397.67	1679.33
397.88	1638.38
398.09	1681.38
398.30	1621.99
398.50	1683.43
398.71	1675.24
398.92	1761.25
399.13	1769.44
399.34	1691.62
399.54	1753.06
399.75	1665.00
399.96	1695.72
400.17	1755.11
400.38	1716.20
400.58	1724.39
400.79	1703.91
401.00	1679.33
401.21	1671.14
401.42	1806.31
401.62	1794.02
401.83	1785.83
402.04	1949.67
402.25	2066.40
402.45	2516.95
402.66	3235.79
402.87	4259.78
403.08	5824.42
403.29	7137.17
403.49	8783.74
403.70	10557.28
403.91	12707.65
404.12	16359.17
404.32	21362.36
404.53	25316.99
404.74	28307.02
404.95	28630.60
405.15	28071.51
405.36	24092.30
405.57	18106.09
405.78	12281.67
405.99	9152.37
406.19	7483.28
406.40	6293.41
406.61	5320.62
406.82	4157.38
407.02	3358.67
407.23	3119.06
407.44	3358.67
407.65	3495.88
407.85	3481.55
408.06	3536.84
408.27	3551.18
408.48	3256.27
408.68	2832.34
408.89	2525.15
409.10	2234.33
409.31	2025.44
409.51	1941.47
409.72	1863.65
409.93	1730.53
410.13	1851.36
410.34	1687.53
410.55	1738.73
410.76	1671.14
410.96	1581.03
411.17	1640.42
411.38	1652.71
411.59	1648.61
411.79	1578.98
412.00	1574.89
412.21	1621.99
412.42	1613.80
412.62	1611.75
412.83	1576.94
413.04	1646.57
413.24	1587.18
413.45	1619.94
413.66	1632.23
413.87	1595.37
414.07	1581.03
414.28	1701.86
414.49	1583.08
414.69	1609.70
414.90	1576.94
415.11	1568.74
415.32	1484.78
415.52	1644.52
415.73	1638.38
415.94	1560.55
416.14	1552.36
416.35	1566.70
416.56	1535.98
416.76	1482.73
416.97	1519.59
417.18	1544.17
417.39	1613.80
417.59	1552.36
417.80	1554.41
418.01	1527.78
418.21	1552.36
418.42	1587.18
418.63	1585.13
418.83	1486.83
419.04	1560.55
419.25	1484.78
419.45	1564.65
419.66	1583.08
419.87	1476.59
420.08	1511.40
420.28	1478.63
420.49	1529.83
420.70	1509.35
420.90	1509.35
421.11	1564.65
421.32	1484.78
421.52	1505.26
421.73	1474.54
421.94	1452.01
422.14	1576.94
422.35	1548.26
422.56	1439.72
422.76	1515.50
422.97	1480.68
423.18	1474.54
423.38	1578.98
423.59	1703.91
423.80	1628.14
424.00	1478.63
424.21	1566.70
424.42	1572.84
424.62	1411.05
424.83	1484.78
425.04	1466.35
425.24	1452.01
425.45	1499.11
425.65	1615.85
425.86	1484.78
426.07	1435.63
426.27	1613.80
426.48	1548.26
426.69	1581.03
426.89	1484.78
427.10	1486.83
427.31	1458.15
427.51	1462.25
427.72	1552.36
427.93	1542.12
428.13	1495.02
428.34	1482.73
428.54	1568.74
428.75	1490.92
428.96	1511.40
429.16	1499.11
429.37	1540.07
429.58	1486.83
429.78	1712.10
429.99	1470.44
430.19	1482.73
430.40	1570.79
430.61	1517.54
430.81	1435.63
431.02	1564.65
431.23	1605.61
431.43	1572.84
431.64	1597.42
431.84	1449.96
432.05	1497.07
432.26	1548.26
432.46	1615.85
432.67	1714.15
432.87	1589.22
433.08	1671.14
433.29	1771.49
433.49	2260.96
433.70	3600.33
433.91	5502.89
434.11	7927.69
434.32	10997.59
434.52	14974.75
434.73	18792.16
434.94	22892.19
435.14	28450.38
435.35	33916.41
435.55	45686.09
435.76	52554.97
435.96	58092.68
436.17	57998.48
436.38	55602.35
436.58	51293.43
436.79	40019.36
436.99	27493.98
437.20	18695.91
437.41	13985.58
437.61	10571.61
437.82	7614.35
438.02	4992.95
438.23	3715.02
438.43	2639.83
438.64	2144.22
438.85	1916.90
439.05	1769.44
439.26	1691.62
439.46	1581.03
439.67	1550.31
439.87	1687.53
440.08	1499.11
440.29	1376.24
440.49	1454.06
440.70	1404.91
440.90	1429.48
441.11	1529.83
441.31	1413.10
441.52	1368.04
441.73	1427.43
441.93	1464.30
442.14	1359.85
442.34	1441.77
442.55	1423.34
442.75	1435.63
442.96	1368.04
443.16	1335.28
443.37	1466.35
443.58	1320.94
443.78	1327.08
443.99	1400.81
444.19	1329.13
444.40	1433.58
444.60	1310.70
444.81	1409.00
445.01	1396.71
445.22	1335.28
445.42	1425.39
445.63	1345.52
445.83	1474.54
446.04	1433.58
446.25	1349.61
446.45	1335.28
446.66	1329.13
446.86	1392.62
447.07	1402.86
447.27	1390.57
447.48	1384.43
447.68	1327.08
447.89	1345.52
448.09	1343.47
448.30	1388.52
448.50	1314.80
448.71	1337.32
448.91	1290.22
449.12	1361.90
449.32	1343.47
449.53	1425.39
449.73	1431.53
449.94	1302.51
450.14	1396.71
450.35	1384.43
450.55	1267.69
450.76	1435.63
450.96	1378.28
451.17	1302.51
451.37	1306.60
451.58	1337.32
451.78	1349.61
451.99	1253.36
452.19	1384.43
452.40	1322.99
452.60	1349.61
452.81	1292.27
453.01	1302.51
453.22	1376.24
453.42	1380.33
453.63	1228.78
453.83	1304.56
454.04	1279.98
454.24	1292.27
454.45	1368.04
454.65	1320.94
454.86	1394.67
455.06	1290.22
455.27	1312.75
455.47	1402.86
455.68	1282.03
455.88	1341.42
456.09	1370.09
456.29	1445.87
456.50	1282.03
456.70	1425.39
456.91	1339.37
457.11	1349.61
457.31	1239.02
457.52	1419.24
457.72	1320.94
457.93	1388.52
458.13	1308.65
458.34	1312.75
458.54	1251.31
458.75	1333.23
458.95	1353.71
459.16	1343.47
459.36	1292.27
459.56	1388.52
459.77	1282.03
459.97	1386.47
460.18	1269.74
460.38	1294.32
460.59	1277.93
460.79	1312.75
461.00	1312.75
461.20	1331.18
461.41	1314.80
461.61	1224.69
461.81	1277.93
462.02	1277.93
462.22	1261.55
462.43	1306.60
462.63	1294.32
462.84	1378.28
463.04	1327.08
463.24	1327.08
463.45	1267.69
463.65	1347.56
463.86	1314.80
464.06	1279.98
464.27	1236.97
464.47	1247.21
464.67	1302.51
464.88	1339.37
465.08	1347.56
465.29	1400.81
465.49	1267.69
465.70	1306.60
465.90	1273.84
466.10	1386.47
466.31	1298.41
466.51	1314.80
466.72	1255.40
466.92	1310.70
467.12	1353.71
467.33	1308.65
467.53	1341.42
467.74	1329.13
467.94	1345.52
468.14	1345.52
468.35	1275.88
468.55	1445.87
468.76	1298.41
468.96	1239.02
469.16	1157.10
469.37	1296.36
469.57	1277.93
469.78	1368.04
469.98	1286.12
470.18	1300.46
470.39	1269.74
470.59	1312.75
470.80	1380.33
471.00	1286.12
471.20	1318.89
471.41	1279.98
471.61	1312.75
471.81	1271.79
472.02	1200.11
472.22	1269.74
472.43	1384.43
472.63	1359.85
472.83	1353.71
473.04	1325.04
473.24	1294.32
473.44	1234.93
473.65	1617.90
473.85	1277.93
474.06	1339.37
474.26	1263.60
474.46	1335.28
474.67	1302.51
474.87	1267.69
475.07	1277.93
475.28	1230.83
475.48	1370.09
475.68	1222.64
475.89	1294.32
476.09	1294.32
476.29	1290.22
476.50	1208.30
476.70	1347.56
476.91	1302.51
477.11	1368.04
477.31	1314.80
477.52	1220.59
477.72	1310.70
477.92	1265.64
478.13	1310.70
478.33	1310.70
478.53	1308.65
478.74	1353.71
478.94	1288.17
479.14	1245.16
479.35	1267.69
479.55	1302.51
479.75	1269.74
479.96	1228.78
480.16	1171.44
480.36	1294.32
480.57	1236.97
480.77	1298.41
480.97	1220.59
481.18	1292.27
481.38	1294.32
481.58	1351.66
481.79	1236.97
481.99	1296.36
482.19	1261.55
482.39	1245.16
482.60	1286.12
482.80	1302.51
483.00	1359.85
483.21	1304.56
483.41	1257.45
483.61	1288.17
483.82	1320.94
484.02	1261.55
484.22	1230.83
484.43	1208.30
484.63	1263.60
484.83	1318.89
485.03	1208.30
485.24	1386.47
485.44	1318.89
485.64	1245.16
485.85	1310.70
486.05	1220.59
486.25	1290.22
486.46	1214.45
486.66	1300.46
486.86	1355.76
487.06	1327.08
487.27	1294.32
487.47	1368.04
487.67	1306.60
487.88	1216.49
488.08	1236.97
488.28	1345.52
488.48	1271.79
488.69	1206.25
488.89	1282.03
489.09	1308.65
489.29	1239.02
489.50	1310.70
489.70	1241.07
489.90	1298.41
490.11	1282.03
490.31	1378.28
490.51	1411.05
490.71	1347.56
490.92	1275.88
491.12	1400.81
491.32	1329.13
491.52	1343.47
491.73	1351.66
491.93	1359.85
492.13	1392.62
492.33	1406.95
492.54	1339.37
492.74	1318.89
492.94	1433.58
493.14	1337.32
493.35	1290.22
493.55	1251.31
493.75	1294.32
493.95	1236.97
494.16	1292.27
494.36	1322.99
494.56	1263.60
494.76	1265.64
494.97	1310.70
495.17	1306.60
495.37	1286.12
495.57	1279.98
495.78	1249.26
495.98	1294.32
496.18	1284.08
496.38	1396.71
496.58	1267.69
496.79	1339.37
496.99	1296.36
497.19	1239.02
497.39	1318.89
497.60	1212.40
497.80	1249.26
498.00	1294.32
498.20	1265.64
498.40	1298.41
498.61	1218.54
498.81	1296.36
499.01	1361.90
499.21	1298.41
499.41	1302.51
499.62	1263.60
499.82	1310.70
500.02	1335.28
500.22	1187.82
500.43	1288.17
500.63	1335.28
500.83	1310.70
501.03	1228.78
501.23	1208.30
501.44	1322.99
501.64	1351.66
501.84	1273.84
502.04	1296.36
502.24	1196.01
502.44	1236.97
502.65	1212.40
502.85	1257.45
503.05	1228.78
503.25	1236.97
503.45	1312.75
503.66	1351.66
503.86	1247.21
504.06	1294.32
504.26	1292.27
504.46	1366.00
504.66	1247.21
504.87	1200.11
505.07	1239.02
505.27	1243.12
505.47	1314.80
505.67	1273.84
505.88	1228.78
506.08	1220.59
506.28	1245.16
506.48	1206.25
506.68	1245.16
506.88	1277.93
507.08	1255.40
507.29	1249.26
507.49	1282.03
507.69	1376.24
507.89	1181.68
508.09	1419.24
508.29	1196.01
508.50	1277.93
508.70	1218.54
508.90	1232.88
509.10	1337.32
509.30	1271.79
509.50	1284.08
509.70	1286.12
509.91	1304.56
510.11	1279.98
510.31	1351.66
510.51	1282.03
510.71	1220.59
510.91	1269.74
511.11	1277.93
511.32	1142.77
511.52	1288.17
511.72	1208.30
511.92	1294.32
512.12	1273.84
512.32	1253.36
512.52	1376.24
512.72	1255.40
512.93	1351.66
513.13	1234.93
513.33	1300.46
513.53	1251.31
513.73	1290.22
513.93	1275.88
514.13	1228.78
514.33	1220.59
514.54	1388.52
514.74	1337.32
514.94	1245.16
515.14	1286.12
515.34	1298.41
515.54	1306.60
515.74	1269.74
515.94	1439.72
516.14	1343.47
516.35	1361.90
516.55	1271.79
516.75	1273.84
516.95	1306.60
517.15	1292.27
517.35	1329.13
517.55	1302.51
517.75	1282.03
517.95	1310.70
518.15	1310.70
518.35	1392.62
518.56	1267.69
518.76	1302.51
518.96	1335.28
519.16	1409.00
519.36	1325.04
519.56	1277.93
519.76	1417.19
519.96	1409.00
520.16	1396.71
520.36	1302.51
520.56	1302.51
520.76	1460.20
520.97	1286.12
521.17	1404.91
521.37	1372.14
521.57	1347.56
521.77	1402.86
521.97	1294.32
522.17	1312.75
522.37	1343.47
522.57	1290.22
522.77	1261.55
522.97	1271.79
523.17	1355.76
523.37	1384.43
523.57	1327.08
523.77	1282.03
523.97	1429.48
524.17	1292.27
524.38	1327.08
524.58	1331.18
524.78	1316.84
524.98	1261.55
525.18	1370.09
525.38	1318.89
525.58	1368.04
525.78	1368.04
525.98	1402.86
526.18	1286.12
526.38	1310.70
526.58	1337.32
526.78	1200.11
526.98	1355.76
527.18	1343.47
527.38	1339.37
527.58	1396.71
527.78	1427.43
527.98	1370.09
528.18	1347.56
528.38	1282.03
528.58	1335.28
528.78	1296.36
528.98	1329.13
529.18	1306.60
529.38	1288.17
529.58	1357.80
529.78	1392.62
529.98	1257.45
530.18	1296.36
530.38	1241.07
530.58	1322.99
530.78	1275.88
530.98	1318.89
531.18	1359.85
531.38	1333.23
531.58	1351.66
531.78	1417.19
531.98	1245.16
532.18	1288.17
532.38	1288.17
532.58	1245.16
532.78	1372.14
532.98	1335.28
533.18	1306.60
533.38	1251.31
533.58	1269.74
533.78	1347.56
533.98	1325.04
534.18	1263.60
534.38	1290.22
534.58	1310.70
534.78	1335.28
534.98	1327.08
535.18	1378.28
535.38	1239.02
535.58	1359.85
535.78	1249.26
535.98	1329.13
536.18	1333.23
536.38	1331.18
536.58	1302.51
536.78	1351.66
536.98	1413.10
537.18	1398.76
537.38	1370.09
537.58	1304.56
537.78	1253.36
537.98	1357.80
538.18	1277.93
538.38	1427.43
538.58	1243.12
538.78	1413.10
538.98	1353.71
539.18	1296.36
539.38	1298.41
539.58	1286.12
539.77	1425.39
539.97	1376.24
540.17	1456.11
540.37	1437.67
540.57	1390.57
540.77	1421.29
540.97	1335.28
541.17	1402.86
541.37	1433.58
541.57	1419.24
541.77	1413.10
541.97	1421.29
542.17	1486.83
542.37	1515.50
542.57	1482.73
542.77	1546.22
542.96	1538.02
543.16	1480.68
543.36	1646.57
543.56	1662.95
543.76	1828.84
543.96	2205.66
544.16	3440.59
544.36	6981.53
544.56	11167.57
544.76	16903.93
544.96	24116.88
545.16	32615.95
545.35	41418.12
545.55	48424.22
545.75	56429.73
545.95	61867.09
546.15	65535.00
546.35	65535.00
546.55	65535.00
546.75	65535.00
546.95	65535.00
547.15	65535.00
547.35	56085.67
547.54	44369.24
547.74	33762.81
547.94	23715.48
548.14	16353.03
548.34	10456.93
548.54	6627.23
548.74	4495.29
548.94	3428.30
549.14	2791.38
549.33	2213.85
549.53	2056.16
549.73	1884.13
549.93	1800.16
550.13	1673.19
550.33	1572.84
550.53	1550.31
550.73	1550.31
550.92	1499.11
551.12	1564.65
551.32	1482.73
551.52	1409.00
551.72	1495.02
551.92	1384.43
552.12	1411.05
552.32	1361.90
552.51	1376.24
552.71	1394.67
552.91	1318.89
553.11	1341.42
553.31	1327.08
553.51	1327.08
553.71	1310.70
553.90	1386.47
554.10	1417.19
554.30	1386.47
554.50	1327.08
554.70	1382.38
554.90	1396.71
555.10	1296.36
555.29	1236.97
555.49	1357.80
555.69	1384.43
555.89	1204.21
556.09	1380.33
556.29	1415.15
556.48	1284.08
556.68	1345.52
556.88	1331.18
557.08	1265.64
557.28	1304.56
557.48	1318.89
557.67	1308.65
557.87	1265.64
558.07	1263.60
558.27	1226.73
558.47	1322.99
558.67	1353.71
558.86	1249.26
559.06	1329.13
559.26	1304.56
559.46	1204.21
559.66	1271.79
559.85	1220.59
560.05	1312.75
560.25	1320.94
560.45	1449.96
560.65	1286.12
560.84	1228.78
561.04	1224.69
561.24	1368.04
561.44	1320.94
561.64	1253.36
561.83	1277.93
562.03	1376.24
562.23	1220.59
562.43	1196.01
562.63	1239.02
562.82	1269.74
563.02	1318.89
563.22	1239.02
563.42	1296.36
563.62	1286.12
563.81	1327.08
564.01	1249.26
564.21	1294.32
564.41	1259.50
564.61	1286.12
564.80	1249.26
565.00	1439.72
565.20	1236.97
565.40	1329.13
565.59	1361.90
565.79	1386.47
565.99	1308.65
566.19	1300.46
566.39	1271.79
566.58	1259.50
566.78	1320.94
566.98	1271.79
567.18	1343.47
567.37	1327.08
567.57	1269.74
567.77	1361.90
567.97	1239.02
568.16	1288.17
568.36	1269.74
568.56	1318.89
568.76	1269.74
568.95	1318.89
569.15	1318.89
569.35	1325.04
569.55	1257.45
569.74	1298.41
569.94	1337.32
570.14	1282.03
570.34	1269.74
570.53	1226.73
570.73	1267.69
570.93	1245.16
571.13	1484.78
571.32	1363.95
571.52	1271.79
571.72	1234.93
571.92	1300.46
572.11	1234.93
572.31	1308.65
572.51	1327.08
572.70	1204.21
572.90	1245.16
573.10	1257.45
573.30	1273.84
573.49	1277.93
573.69	1294.32
573.89	1212.40
574.08	1357.80
574.28	1304.56
574.48	1327.08
574.68	1343.47
574.87	1402.86
575.07	1429.48
575.27	1697.77
575.46	2138.08
575.66	2828.24
575.86	3551.18
576.06	4597.69
576.25	5580.71
576.45	6393.76
576.65	7161.75
576.84	7749.51
577.04	8202.11
577.24	8511.36
577.43	9062.26
577.63	9781.10
577.83	10102.63
578.02	10542.94
578.22	10751.84
578.42	10751.84
578.62	10891.10
578.81	10633.05
579.01	10084.20
579.21	9971.56
579.40	9867.11
579.60	9158.52
579.80	9033.59
579.99	8648.57
580.19	8001.41
580.39	7335.82
580.58	6313.89
580.78	5048.24
580.98	4165.57
581.17	3196.88
581.37	2408.41
581.57	2056.16
581.76	1808.36
581.96	1589.22
582.16	1458.15
582.35	1386.47
582.55	1417.19
582.75	1337.32
582.94	1273.84
583.14	1320.94
583.34	1366.00
583.53	1347.56
583.73	1277.93
583.92	1292.27
584.12	1351.66
584.32	1335.28
584.51	1259.50
584.71	1335.28
584.91	1245.16
585.10	1277.93
585.30	1277.93
585.50	1302.51
585.69	1228.78
585.89	1263.60
586.09	1255.40
586.28	1300.46
586.48	1327.08
586.67	1277.93
586.87	1302.51
587.07	1271.79
587.26	1325.04
587.46	1257.45
587.66	1204.21
587.85	1279.98
588.05	1353.71
588.24	1183.73
588.44	1292.27
588.64	1224.69
588.83	1286.12
589.03	1378.28
589.22	1239.02
589.42	1275.88
589.62	1290.22
589.81	1300.46
590.01	1261.55
590.20	1222.64
590.40	1282.03
590.60	1218.54
590.79	1183.73
590.99	1290.22
591.18	1257.45
591.38	1267.69
591.58	1236.97
591.77	1255.40
591.97	1253.36
592.16	1310.70
592.36	1306.60
592.56	1196.01
592.75	1345.52
592.95	1271.79
593.14	1218.54
593.34	1239.02
593.53	1245.16
593.73	1318.89
593.93	1277.93
594.12	1212.40
594.32	1236.97
594.51	1322.99
594.71	1241.07
594.91	1148.91
595.10	1216.49
595.30	1204.21
595.49	1343.47
595.69	1261.55
595.88	1318.89
596.08	1322.99
596.27	1230.83
596.47	1239.02
596.67	1232.88
596.86	1302.51
597.06	1236.97
597.25	1185.77
597.45	1224.69
597.64	1355.76
597.84	1306.60
598.03	1263.60
598.23	1169.39
598.43	1261.55
598.62	1200.11
598.82	1261.55
599.01	1183.73
599.21	1269.74
599.40	1265.64
599.60	1312.75
599.79	1230.83
599.99	1296.36
600.18	1212.40
600.38	1341.42
600.57	1228.78
600.77	1286.12
600.96	1298.41
601.16	1286.12
601.36	1212.40
601.55	1218.54
601.75	1243.12
601.94	1269.74
602.14	1269.74
602.33	1298.41
602.53	1173.49
602.72	1269.74
602.92	1249.26
603.11	1269.74
603.31	1284.08
603.50	1292.27
603.70	1253.36
603.89	1314.80
604.09	1294.32
604.28	1357.80
604.48	1366.00
604.67	1245.16
604.87	1249.26
605.06	1302.51
605.26	1277.93
605.45	1234.93
605.65	1343.47
605.84	1273.84
606.04	1261.55
606.23	1163.25
606.43	1226.73
606.62	1185.77
606.82	1183.73
607.01	1398.76
607.21	1279.98
607.40	1273.84
607.59	1239.02
607.79	1261.55
607.98	1263.60
608.18	1247.21
608.37	1271.79
608.57	1253.36
608.76	1263.60
608.96	1165.29
609.15	1239.02
609.35	1298.41
609.54	1269.74
609.74	1300.46
609.93	1300.46
610.13	1245.16
610.32	1318.89
610.51	1243.12
610.71	1396.71
610.90	1263.60
611.10	1222.64
611.29	1183.73
611.49	1212.40
611.68	1224.69
611.88	1228.78
612.07	1216.49
612.27	1255.40
612.46	1257.45
612.65	1210.35
612.85	1253.36
613.04	1239.02
613.24	1306.60
613.43	1263.60
613.63	1290.22
613.82	1255.40
614.01	1294.32
614.21	1263.60
614.40	1228.78
614.60	1300.46
614.79	1243.12
614.99	1265.64
615.18	1292.27
615.37	1277.93
615.57	1310.70
615.76	1204.21
615.96	1271.79
616.15	1302.51
616.35	1239.02
616.54	1232.88
616.73	1218.54
616.93	1265.64
617.12	1232.88
617.32	1275.88
617.51	1241.07
617.70	1286.12
617.90	1341.42
618.09	1320.94
618.29	1171.44
618.48	1245.16
618.67	1306.60
618.87	1236.97
619.06	1136.62
619.26	1265.64
619.45	1187.82
619.64	1171.44
619.84	1310.70
620.03	1265.64
620.22	1286.12
620.42	1198.06
620.61	1261.55
620.81	1294.32
621.00	1282.03
621.19	1228.78
621.39	1298.41
621.58	1245.16
621.78	1255.40
621.97	1277.93
622.16	1239.02
622.36	1249.26
622.55	1314.80
622.74	1179.63
622.94	1216.49
623.13	1263.60
623.32	1261.55
623.52	1220.59
623.71	1253.36
623.91	1171.44
624.10	1271.79
624.29	1222.64
624.49	1191.92
624.68	1224.69
624.87	1222.64
625.07	1312.75
625.26	1212.40
625.45	1282.03
625.65	1241.07
625.84	1349.61
626.03	1277.93
626.23	1284.08
626.42	1306.60
626.61	1302.51
626.81	1353.71
627.00	1337.32
627.19	1298.41
627.39	1335.28
627.58	1228.78
627.77	1214.45
627.97	1345.52
628.16	1333.23
628.35	1267.69
628.55	1282.03
628.74	1275.88
628.93	1226.73
629.13	1304.56
629.32	1279.98
629.51	1226.73
629.71	1239.02
629.90	1259.50
630.09	1179.63
630.29	1169.39
630.48	1196.01
630.67	1245.16
630.86	1175.53
631.06	1261.55
631.25	1351.66
631.44	1243.12
631.64	1216.49
631.83	1185.77
632.02	1302.51
632.22	1310.70
632.41	1220.59
632.60	1255.40
632.79	1220.59
632.99	1236.97
633.18	1253.36
633.37	1216.49
633.57	1247.21
633.76	1157.10
633.95	1282.03
634.14	1144.81
634.34	1132.53
634.53	1273.84
634.72	1329.13
634.92	1239.02
635.11	1163.25
635.30	1218.54
635.49	1224.69
635.69	1230.83
635.88	1187.82
636.07	1191.92
636.26	1302.51
636.46	1245.16
636.65	1163.25
636.84	1234.93
637.03	1378.28
637.23	1265.64
637.42	1224.69
637.61	1191.92
637.80	1132.53
638.00	1366.00
638.19	1148.91
638.38	1241.07
638.57	1216.49
638.77	1200.11
638.96	1253.36
639.15	1284.08
639.34	1253.36
639.54	1196.01
639.73	1228.78
639.92	1163.25
640.11	1247.21
640.31	1267.69
640.50	1228.78
640.69	1200.11
640.88	1163.25
641.08	1243.12
641.27	1298.41
641.46	1236.97
641.65	1234.93
641.84	1269.74
642.04	1220.59
642.23	1167.34
642.42	1245.16
642.61	1245.16
642.81	1245.16
643.00	1265.64
643.19	1253.36
643.38	1322.99
643.57	1310.70
643.77	1239.02
643.96	1249.26
644.15	1267.69
644.34	1298.41
644.53	1279.98
644.73	1210.35
644.92	1269.74
645.11	1167.34
645.30	1206.25
645.49	1286.12
645.69	1196.01
645.88	1130.48
646.07	1249.26
646.26	1148.91
646.45	1273.84
646.65	1290.22
646.84	1318.89
647.03	1187.82
647.22	1173.49
647.41	1257.45
647.60	1187.82
647.80	1179.63
647.99	1179.63
648.18	1138.67
648.37	1279.98
648.56	1122.29
648.75	1267.69
648.95	1142.77
649.14	1134.57
649.33	1269.74
649.52	1265.64
649.71	1245.16
649.90	1208.30
650.10	1269.74
650.29	1251.31
650.48	1200.11
650.67	1269.74
650.86	1099.76
651.05	1175.53
651.25	1228.78
651.44	1208.30
651.63	1318.89
651.82	1284.08
652.01	1220.59
652.20	1282.03
652.39	1273.84
652.59	1220.59
652.78	1292.27
652.97	1171.44
653.16	1216.49
653.35	1255.40
653.54	1329.13
653.73	1224.69
653.93	1261.55
654.12	1316.84
654.31	1183.73
654.50	1210.35
654.69	1140.72
654.88	1200.11
655.07	1191.92
655.26	1277.93
655.45	1171.44
655.65	1255.40
655.84	1269.74
656.03	1226.73
656.22	1173.49
656.41	1169.39
656.60	1241.07
656.79	1261.55
656.98	1296.36
657.17	1114.10
657.37	1288.17
657.56	1245.16
657.75	1263.60
657.94	1212.40
658.13	1206.25
658.32	1228.78
658.51	1245.16
658.70	1320.94
658.89	1298.41
659.08	1216.49
659.28	1253.36
659.47	1355.76
659.66	1359.85
659.85	1265.64
660.04	1232.88
660.23	1220.59
660.42	1179.63
660.61	1263.60
660.80	1193.97
660.99	1204.21
661.18	1208.30
661.37	1239.02
661.56	1286.12
661.76	1361.90
661.95	1290.22
662.14	1267.69
662.33	1261.55
662.52	1222.64
662.71	1245.16
662.90	1210.35
663.09	1288.17
663.28	1232.88
663.47	1165.29
663.66	1206.25
663.85	1290.22
664.04	1243.12
664.23	1245.16
664.42	1267.69
664.61	1230.83
664.80	1263.60
664.99	1232.88
665.19	1300.46
665.38	1171.44
665.57	1294.32
665.76	1183.73
665.95	1159.15
666.14	1247.21
666.33	1396.71
666.52	1216.49
666.71	1216.49
666.90	1261.55
667.09	1320.94
667.28	1245.16
667.47	1277.93
667.66	1236.97
667.85	1257.45
668.04	1171.44
668.23	1146.86
668.42	1171.44
668.61	1193.97
668.80	1257.45
668.99	1198.06
669.18	1329.13
669.37	1216.49
669.56	1222.64
669.75	1292.27
669.94	1230.83
670.13	1288.17
670.32	1204.21
670.51	1255.40
670.70	1251.31
670.89	1236.97
671.08	1179.63
671.27	1273.84
671.46	1271.79
671.65	1300.46
671.84	1196.01
672.03	1261.55
672.22	1202.16
672.41	1255.40
672.60	1249.26
672.79	1261.55
672.98	1212.40
673.17	1253.36
673.36	1247.21
673.55	1183.73
673.74	1228.78
673.93	1191.92
674.12	1294.32
674.31	1171.44
674.50	1286.12
674.69	1210.35
674.88	1173.49
675.07	1261.55
675.26	1212.40
675.45	1312.75
675.64	1245.16
675.82	1245.16
676.01	1318.89
676.20	1175.53
676.39	1277.93
676.58	1267.69
676.77	1261.55
676.96	1218.54
677.15	1269.74
677.34	1236.97
677.53	1263.60
677.72	1212.40
677.91	1232.88
678.10	1181.68
678.29	1208.30
678.48	1196.01
678.67	1216.49
678.86	1271.79
679.05	1306.60
679.23	1232.88
679.42	1228.78
679.61	1396.71
679.80	1294.32
679.99	1216.49
680.18	1253.36
680.37	1275.88
680.56	1204.21
680.75	1271.79
680.94	1288.17
681.13	1198.06
681.32	1257.45
681.51	1183.73
681.69	1220.59
681.88	1327.08
682.07	1230.83
682.26	1206.25
682.45	1140.72
682.64	1169.39
682.83	1212.40
683.02	1318.89
683.21	1261.55
683.40	1265.64
683.58	1306.60
683.77	1234.93
683.96	1218.54
684.15	1163.25
684.34	1277.93
684.53	1253.36
684.72	1210.35
684.91	1267.69
685.10	1310.70
685.28	1331.18
685.47	1245.16
685.66	1236.97
685.85	1257.45
686.04	1191.92
686.23	1265.64
686.42	1191.92
686.61	1357.80
686.79	1261.55
686.98	1196.01
687.17	1236.97
687.36	1230.83
687.55	1187.82
687.74	1263.60
687.93	1173.49
688.11	1245.16
688.30	1212.40
688.49	1292.27
688.68	1122.29
688.87	1155.05
689.06	1251.31
689.25	1185.77
689.43	1251.31
689.62	1214.45
689.81	1339.37
690.00	1257.45
690.19	1226.73
690.38	1169.39
690.56	1335.28
690.75	1345.52
690.94	1216.49
691.13	1353.71
691.32	1216.49
691.51	1148.91
691.69	1214.45
691.88	1279.98
692.07	1296.36
692.26	1357.80
692.45	1308.65
692.64	1208.30
692.82	1243.12
693.01	1286.12
693.20	1273.84
693.39	1239.02
693.58	1269.74
693.77	1298.41
693.95	1249.26
694.14	1153.01
694.33	1193.97
694.52	1171.44
694.71	1196.01
694.89	1163.25
695.08	1212.40
695.27	1232.88
695.46	1273.84
695.65	1263.60
695.83	1259.50
696.02	1302.51
696.21	1341.42
696.40	1439.72
696.59	1312.75
696.77	1327.08
696.96	1312.75
697.15	1327.08
697.34	1349.61
697.52	1359.85
697.71	1345.52
697.90	1413.10
698.09	1286.12
698.28	1361.90
698.46	1345.52
698.65	1288.17
698.84	1173.49
699.03	1269.74
699.21	1296.36
699.40	1196.01
699.59	1253.36
699.78	1247.21
699.96	1212.40
700.15	1220.59
700.34	1251.31
700.53	1159.15
700.72	1284.08
700.90	1263.60
701.09	1218.54
701.28	1261.55
701.47	1241.07
701.65	1253.36
701.84	1196.01
702.03	1302.51
702.21	1159.15
702.40	1155.05
702.59	1290.22
702.78	1226.73
702.96	1214.45
703.15	1228.78
703.34	1247.21
703.53	1210.35
703.71	1171.44
703.90	1234.93
704.09	1253.36
704.28	1196.01
704.46	1216.49
704.65	1286.12
704.84	1236.97
705.02	1218.54
705.21	1277.93
705.40	1269.74
705.59	1228.78
705.77	1196.01
705.96	1263.60
706.15	1228.78
706.33	1277.93
706.52	1163.25
706.71	1294.32
706.90	1239.02
707.08	1236.97
707.27	1204.21
707.46	1310.70
707.64	1249.26
707.83	1165.29
708.02	1124.33
708.20	1228.78
708.39	1284.08
708.58	1341.42
708.77	1253.36
708.95	1220.59
709.14	1198.06
709.33	1241.07
709.51	1286.12
709.70	1230.83
709.89	1312.75
710.07	1236.97
710.26	1331.18
710.45	1243.12
710.63	1271.79
710.82	1204.21
711.01	1284.08
711.19	1288.17
711.38	1286.12
711.57	1198.06
711.75	1251.31
711.94	1234.93
712.13	1286.12
712.31	1249.26
712.50	1138.67
712.69	1259.50
712.87	1204.21
713.06	1228.78
713.25	1363.95
713.43	1261.55
713.62	1159.15
713.81	1263.60
713.99	1277.93
714.18	1236.97
714.36	1134.57
714.55	1251.31
714.74	1304.56
714.92	1193.97
715.11	1236.97
715.30	1200.11
715.48	1177.58
715.67	1202.16
715.86	1263.60
716.04	1212.40
716.23	1187.82
716.41	1392.62
716.60	1189.87
716.79	1251.31
716.97	1185.77
717.16	1277.93
717.35	1255.40
717.53	1181.68
717.72	1200.11
717.90	1322.99
718.09	1253.36
718.28	1198.06
718.46	1247.21
718.65	1228.78
718.83	1216.49
719.02	1249.26
719.21	1216.49
719.39	1189.87
719.58	1208.30
719.76	1236.97
719.95	1318.89
720.14	1310.70
720.32	1200.11
720.51	1179.63
720.69	1212.40
720.88	1259.50
721.07	1298.41
721.25	1288.17
721.44	1265.64
721.62	1253.36
721.81	1335.28
721.99	1261.55
722.18	1189.87
722.37	1284.08
722.55	1144.81
722.74	1212.40
722.92	1277.93
723.11	1275.88
723.29	1200.11
723.48	1261.55
723.67	1318.89
723.85	1216.49
724.04	1245.16
724.22	1310.70
724.41	1318.89
724.59	1284.08
724.78	1206.25
724.96	1193.97
725.15	1189.87
725.34	1286.12
725.52	1269.74
725.71	1228.78
725.89	1228.78
726.08	1204.21
726.26	1226.73
726.45	1337.32
726.63	1339.37
726.82	1284.08
727.00	1290.22
727.19	1279.98
727.37	1288.17
727.56	1241.07
727.75	1255.40
727.93	1265.64
728.12	1185.77
728.30	1265.64
728.49	1314.80
728.67	1167.34
728.86	1320.94
729.04	1257.45
729.23	1234.93
729.41	1249.26
729.60	1236.97
729.78	1265.64
729.97	1187.82
730.15	1253.36
730.34	1163.25
730.52	1228.78
730.71	1232.88
730.89	1249.26
731.08	1249.26
731.26	1222.64
731.45	1218.54
731.63	1243.12
731.82	1114.10
732.00	1196.01
732.19	1157.10
732.37	1245.16
732.56	1243.12
732.74	1189.87
732.93	1165.29
733.11	1261.55
733.30	1175.53
733.48	1210.35
733.67	1220.59
733.85	1200.11
734.04	1198.06
734.22	1273.84
734.41	1286.12
734.59	1189.87
734.77	1216.49
734.96	1247.21
735.14	1236.97
735.33	1263.60
735.51	1124.33
735.70	1187.82
735.88	1279.98
736.07	1273.84
736.25	1222.64
736.44	1253.36
736.62	1179.63
736.80	1206.25
736.99	1288.17
737.17	1171.44
737.36	1191.92
737.54	1327.08
737.73	1253.36
737.91	1308.65
738.10	1282.03
738.28	1284.08
738.46	1277.93
738.65	1239.02
738.83	1296.36
739.02	1181.68
739.20	1153.01
739.39	1275.88
739.57	1263.60
739.75	1253.36
739.94	1214.45
740.12	1146.86
740.31	1267.69
740.49	1267.69
740.68	1126.38
740.86	1320.94
741.04	1292.27
741.23	1202.16
741.41	1236.97
741.60	1241.07
741.78	1196.01
741.96	1257.45
742.15	1187.82
742.33	1181.68
742.52	1189.87
742.70	1208.30
742.88	1212.40
743.07	1226.73
743.25	1169.39
743.44	1267.69
743.62	1179.63
743.80	1329.13
743.99	1298.41
744.17	1243.12
744.36	1247.21
744.54	1208.30
744.72	1187.82
744.91	1134.57
745.09	1183.73
745.27	1193.97
745.46	1204.21
745.64	1216.49
745.83	1294.32
746.01	1286.12
746.19	1361.90
746.38	1255.40
746.56	1204.21
746.74	1298.41
746.93	1245.16
747.11	1275.88
747.29	1228.78
747.48	1204.21
747.66	1110.00
747.85	1314.80
748.03	1284.08
748.21	1222.64
748.40	1247.21
748.58	1230.83
748.76	1116.14
748.95	1222.64
749.13	1269.74
749.31	1220.59
749.50	1361.90
749.68	1261.55
749.86	1302.51
750.05	1310.70
750.23	1249.26
750.41	1308.65
750.60	1304.56
750.78	1335.28
750.96	1409.00
751.15	1253.36
751.33	1284.08
751.51	1302.51
751.70	1269.74
751.88	1304.56
752.06	1224.69
752.25	1294.32
752.43	1282.03
752.61	1290.22
752.79	1239.02
752.98	1294.32
753.16	1220.59
753.34	1279.98
753.53	1226.73
753.71	1294.32
753.89	1202.16
754.08	1230.83
754.26	1241.07
754.44	1239.02
754.62	1183.73
754.81	1277.93
754.99	1226.73
755.17	1157.10
755.36	1261.55
755.54	1261.55
755.72	1282.03
755.91	1261.55
756.09	1171.44
756.27	1179.63
756.45	1249.26
756.64	1171.44
756.82	1247.21
757.00	1155.05
757.18	1351.66
757.37	1294.32
757.55	1255.40
757.73	1302.51
757.92	1179.63
758.10	1257.45
758.28	1255.40
758.46	1239.02
758.65	1206.25
758.83	1245.16
759.01	1271.79
759.19	1224.69
759.38	1236.97
759.56	1148.91
759.74	1206.25
759.92	1251.31
760.11	1304.56
760.29	1191.92
760.47	1198.06
760.65	1234.93
760.84	1191.92
761.02	1134.57
761.20	1204.21
761.38	1304.56
761.56	1271.79
761.75	1228.78
761.93	1191.92
762.11	1294.32
762.29	1208.30
762.48	1466.35
762.66	1372.14
762.84	1447.91
763.02	1413.10
763.20	1501.16
763.39	1484.78
763.57	1544.17
763.75	1386.47
763.93	1353.71
764.12	1406.95
764.30	1435.63
764.48	1433.58
764.66	1314.80
764.84	1425.39
765.03	1341.42
765.21	1335.28
765.39	1279.98
765.57	1312.75
765.75	1337.32
765.94	1255.40
766.12	1277.93
766.30	1279.98
766.48	1355.76
766.66	1212.40
766.84	1218.54
767.03	1349.61
767.21	1257.45
767.39	1263.60
767.57	1204.21
767.75	1306.60
767.94	1236.97
768.12	1196.01
768.30	1273.84
768.48	1249.26
768.66	1277.93
768.84	1198.06
769.03	1312.75
769.21	1169.39
769.39	1247.21
769.57	1286.12
769.75	1232.88
769.93	1175.53
770.11	1243.12
770.30	1224.69
770.48	1269.74
770.66	1157.10
770.84	1429.48
771.02	1212.40
771.20	1343.47
771.39	1302.51
771.57	1370.09
771.75	1384.43
771.93	1306.60
772.11	1392.62
772.29	1449.96
772.47	1353.71
772.65	1359.85
772.84	1277.93
773.02	1355.76
773.20	1312.75
773.38	1394.67
773.56	1288.17
773.74	1304.56
773.92	1320.94
774.10	1386.47
774.29	1277.93
774.47	1247.21
774.65	1171.44
774.83	1376.24
775.01	1296.36
775.19	1212.40
775.37	1308.65
775.55	1232.88
775.73	1198.06
775.92	1183.73
776.10	1212.40
776.28	1214.45
776.46	1251.31
776.64	1269.74
776.82	1288.17
777.00	1275.88
777.18	1226.73
777.36	1165.29
777.54	1183.73
777.72	1255.40
777.91	1196.01
778.09	1265.64
778.27	1288.17
778.45	1222.64
778.63	1200.11
778.81	1288.17
778.99	1290.22
779.17	1177.58
779.35	1261.55
779.53	1204.21
779.71	1189.87
779.89	1179.63
780.07	1386.47
780.25	1239.02
780.44	1236.97
780.62	1245.16
780.80	1286.12
780.98	1220.59
781.16	1212.40
781.34	1189.87
781.52	1298.41
781.70	1353.71
781.88	1333.23
782.06	1265.64
782.24	1179.63
782.42	1116.14
782.60	1183.73
782.78	1300.46
782.96	1337.32
783.14	1179.63
783.32	1198.06
783.50	1251.31
783.68	1245.16
783.86	1228.78
784.04	1249.26
784.22	1255.40
784.40	1277.93
784.58	1130.48
784.76	1198.06
784.95	1382.38
785.13	1230.83
785.31	1277.93
785.49	1269.74
785.67	1290.22
785.85	1253.36
786.03	1210.35
786.21	1236.97
786.39	1261.55
786.57	1261.55
786.75	1253.36
786.93	1296.36
787.11	1255.40
787.29	1216.49
787.47	1263.60
787.65	1220.59
787.83	1308.65
788.01	1314.80
788.19	1243.12
788.37	1165.29
788.55	1368.04
788.72	1257.45
788.90	1208.30
789.08	1234.93
789.26	1253.36
789.44	1241.07
789.62	1216.49
789.80	1183.73
789.98	1275.88
790.16	1196.01
790.34	1236.97
790.52	1236.97
790.70	1228.78
790.88	1318.89
791.06	1368.04
791.24	1257.45
791.42	1202.16
791.60	1261.55
791.78	1226.73
791.96	1236.97
792.14	1175.53
792.32	1187.82
792.50	1253.36
792.68	1312.75
792.86	1222.64
793.04	1204.21
793.22	1234.93
793.39	1271.79
793.57	1232.88
793.75	1277.93
793.93	1318.89
794.11	1310.70
794.29	1239.02
794.47	1345.52
794.65	1302.51
794.83	1183.73
795.01	1345.52
795.19	1310.70
795.37	1298.41
795.55	1327.08
795.73	1300.46
795.90	1249.26
796.08	1247.21
796.26	1357.80
796.44	1370.09
796.62	1206.25
796.80	1314.80
796.98	1232.88
797.16	1146.86
797.34	1230.83
797.52	1322.99
797.70	1290.22
797.87	1310.70
798.05	1196.01
798.23	1236.97
798.41	1171.44
798.59	1148.91
798.77	1132.53
798.95	1253.36
799.13	1247.21
799.31	1337.32
799.48	1259.50
799.66	1257.45
799.84	1302.51
800.02	1275.88
800.20	1249.26
800.38	1337.32
800.56	1312.75
800.74	1269.74
800.91	1263.60
801.09	1224.69
801.27	1327.08
801.45	1247.21
801.63	1271.79
801.81	1277.93
801.99	1288.17
802.16	1277.93
802.34	1183.73
802.52	1247.21
802.70	1261.55
802.88	1337.32
803.06	1196.01
803.24	1159.15
803.41	1294.32
803.59	1357.80
803.77	1243.12
803.95	1329.13
804.13	1239.02
804.31	1273.84
804.48	1148.91
804.66	1228.78
804.84	1189.87
805.02	1257.45
805.20	1298.41
805.38	1212.40
805.55	1241.07
805.73	1255.40
805.91	1255.40
806.09	1198.06
806.27	1179.63
806.44	1196.01
806.62	1245.16
806.80	1208.30
806.98	1327.08
807.16	1236.97
807.34	1187.82
807.51	1222.64
807.69	1249.26
807.87	1249.26
808.05	1261.55
808.23	1220.59
808.40	1273.84
808.58	1222.64
808.76	1302.51
808.94	1273.84
809.11	1294.32
809.29	1286.12
809.47	1261.55
809.65	1273.84
809.83	1402.86
810.00	1282.03
810.18	1265.64
810.36	1312.75
810.54	1277.93
810.72	1261.55
810.89	1247.21
811.07	1335.28
811.25	1316.84
811.43	1310.70
811.60	1368.04
811.78	1368.04
811.96	1343.47
812.14	1296.36
812.31	1208.30
812.49	1196.01
812.67	1302.51
812.85	1214.45
813.02	1255.40
813.20	1386.47
813.38	1263.60
813.56	1269.74
813.73	1386.47
813.91	1269.74
814.09	1341.42
814.27	1251.31
814.44	1255.40
814.62	1269.74
814.80	1140.72
814.98	1347.56
815.15	1409.00
815.33	1181.68
815.51	1206.25
815.69	1228.78
815.86	1286.12
816.04	1155.05
816.22	1204.21
816.39	1214.45
816.57	1236.97
816.75	1335.28
816.93	1294.32
817.10	1490.92
817.28	1204.21
817.46	1161.20
817.63	1228.78
817.81	1202.16
817.99	1216.49
818.17	1251.31
818.34	1310.70
818.52	1247.21
818.70	1173.49
818.87	1294.32
819.05	1314.80
819.23	1187.82
819.40	1263.60
819.58	1200.11
819.76	1187.82
819.93	1224.69
820.11	1277.93
820.29	1206.25
820.46	1284.08
820.64	1255.40
820.82	1269.74
821.00	1187.82
821.17	1230.83
821.35	1183.73
821.53	1214.45
821.70	1273.84
821.88	1161.20
822.06	1222.64
822.23	1193.97
822.41	1155.05
822.59	1353.71
822.76	1376.24
822.94	1368.04
823.11	1302.51
823.29	1204.21
823.47	1351.66
823.64	1261.55
823.82	1306.60
824.00	1183.73
824.17	1228.78
824.35	1247.21
824.53	1241.07
824.70	1300.46
824.88	1204.21
825.06	1171.44
825.23	1320.94
825.41	1245.16
825.58	1200.11
825.76	1269.74
825.94	1320.94
826.11	1222.64
826.29	1335.28
826.47	1265.64
826.64	1550.31
826.82	1282.03
826.99	1286.12
827.17	1212.40
827.35	1179.63
827.52	1179.63
827.70	1259.50
827.87	1245.16
828.05	1347.56
828.23	1206.25
828.40	1378.28
828.58	1372.14
828.75	1337.32
828.93	1253.36
829.11	1320.94
829.28	1341.42
829.46	1220.59
829.63	1282.03
829.81	1216.49
829.99	1236.97
830.16	1224.69
830.34	1263.60
830.51	1259.50
830.69	1243.12
830.87	1198.06
831.04	1245.16
831.22	1179.63
831.39	1189.87
831.57	1239.02
831.74	1212.40
831.92	1222.64
832.10	1183.73
832.27	1196.01
832.45	1241.07
832.62	1275.88
832.80	1232.88
832.97	1269.74
833.15	1261.55
833.32	1220.59
833.50	1273.84
833.68	1247.21
833.85	1271.79
834.03	1230.83
834.20	1263.60
834.38	1257.45
834.55	1257.45
834.73	1271.79
834.90	1282.03
835.08	1245.16
835.25	1214.45
835.43	1220.59
835.60	1206.25
835.78	1218.54
835.96	1224.69
836.13	1251.31
836.31	1095.66
836.48	1193.97
836.66	1296.36
836.83	1232.88
837.01	1228.78
837.18	1163.25
837.36	1202.16
837.53	1212.40
837.71	1222.64
837.88	1308.65
838.06	1261.55
838.23	1318.89
838.41	1271.79
838.58	1146.86
838.76	1243.12
838.93	1236.97
839.11	1239.02
839.28	1202.16
839.46	1196.01
839.63	1331.18
839.81	1179.63
839.98	1230.83
840.16	1271.79
840.33	1257.45
840.51	1255.40
840.68	1245.16
840.86	1261.55
841.03	1243.12
841.21	1241.07
841.38	1216.49
841.55	1384.43
841.73	1214.45
841.90	1247.21
842.08	1284.08
842.25	1296.36
842.43	1267.69
842.60	1214.45
842.78	1202.16
842.95	1294.32
843.13	1196.01
843.30	1273.84
843.48	1222.64
843.65	1261.55
843.82	1329.13
844.00	1245.16
844.17	1222.64
844.35	1208.30
844.52	1255.40
844.70	1228.78
844.87	1253.36
845.05	1327.08
845.22	1224.69
845.39	1249.26
845.57	1196.01
845.74	1247.21
845.92	1212.40
846.09	1189.87
846.27	1171.44
846.44	1222.64
846.61	1230.83
846.79	1155.05
846.96	1200.11
847.14	1255.40
847.31	1255.40
847.48	1304.56
847.66	1228.78
847.83	1302.51
848.01	1253.36
848.18	1245.16
848.35	1206.25
848.53	1247.21
848.70	1220.59
848.88	1136.62
849.05	1286.12
849.22	1230.83
849.40	1191.92
849.57	1204.21
849.75	1155.05
849.92	1220.59
850.09	1249.26
850.27	1179.63
850.44	1337.32
850.62	1271.79
850.79	1212.40
850.96	1245.16
851.14	1183.73
851.31	1351.66
851.48	1310.70
851.66	1230.83
851.83	1239.02
852.01	1261.55
852.18	1220.59
852.35	1245.16
852.53	1159.15
852.70	1253.36
852.87	1196.01
853.05	1241.07
853.22	1241.07
853.39	1277.93
853.57	1320.94
853.74	1198.06
853.91	1224.69
854.09	1224.69
854.26	1261.55
854.43	1247.21
854.61	1198.06
854.78	1236.97
854.95	1247.21
855.13	1224.69
855.30	1198.06
855.47	1255.40
855.65	1261.55
855.82	1288.17
855.99	1290.22
856.17	1269.74
856.34	1316.84
856.51	1181.68
856.69	1267.69
856.86	1310.70
857.03	1288.17
857.21	1216.49
857.38	1263.60
857.55	1310.70
857.73	1228.78
857.90	1306.60
858.07	1236.97
858.24	1212.40
858.42	1187.82
858.59	1245.16
858.76	1155.05
858.94	1271.79
859.11	1271.79
859.28	1216.49
859.46	1298.41
859.63	1220.59
859.80	1279.98
859.97	1345.52
860.15	1167.34
860.32	1277.93
860.49	1241.07
860.67	1085.42
860.84	1161.20
861.01	1265.64
861.18	1271.79
861.36	1269.74
861.53	1279.98
861.70	1169.39
861.87	1255.40
862.05	1394.67
862.22	1196.01
862.39	1296.36
862.56	1261.55
862.74	1187.82
862.91	1304.56
863.08	1175.53
863.25	1310.70
863.43	1255.40
863.60	1261.55
863.77	1216.49
863.94	1212.40
864.12	1263.60
864.29	1253.36
864.46	1191.92
864.63	1286.12
864.81	1228.78
864.98	1265.64
865.15	1120.24
865.32	1271.79
865.50	1335.28
865.67	1245.16
865.84	1327.08
866.01	1202.16
866.18	1282.03
866.36	1179.63
866.53	1196.01
866.70	1200.11
866.87	1173.49
867.04	1263.60
867.22	1206.25
867.39	1232.88
867.56	1200.11
867.73	1177.58
867.90	1228.78
868.08	1173.49
868.25	1261.55
868.42	1210.35
868.59	1228.78
868.76	1273.84
868.94	1196.01
869.11	1232.88
869.28	1267.69
869.45	1212.40
869.62	1187.82
869.80	1257.45
869.97	1255.40
870.14	1255.40
870.31	1220.59
870.48	1304.56
870.65	1220.59
870.83	1196.01
871.00	1198.06
871.17	1271.79
871.34	1187.82
871.51	1273.84
871.68	1212.40
871.86	1277.93
872.03	1286.12
872.20	1146.86
872.37	1142.77
872.54	1269.74
872.71	1249.26
872.89	1271.79
873.06	1320.94
873.23	1216.49
873.40	1236.97
873.57	1269.74
873.74	1265.64
873.91	1294.32
874.09	1286.12
874.26	1359.85
874.43	1140.72
874.60	1224.69
874.77	1275.88
874.94	1228.78
875.11	1165.29
875.28	1214.45
875.46	1198.06
875.63	1290.22
875.80	1177.58
875.97	1222.64
876.14	1286.12
876.31	1343.47
876.48	1267.69
876.65	1300.46
876.82	1304.56
877.00	1298.41
877.17	1267.69
877.34	1245.16
877.51	1198.06
877.68	1224.69
877.85	1282.03
878.02	1273.84
878.19	1265.64
878.36	1236.97
878.53	1118.19
878.70	1179.63
878.88	1245.16
879.05	1245.16
879.22	1189.87
879.39	1224.69
879.56	1222.64
879.73	1277.93
879.90	1232.88
880.07	1232.88
880.24	1243.12
880.41	1204.21
880.58	1269.74
880.75	1290.22
880.92	1236.97
881.10	1089.52
881.27	1236.97
881.44	1277.93
881.61	1302.51
881.78	1212.40
881.95	1261.55
882.12	1273.84
882.29	1234.93
882.46	1296.36
882.63	1230.83
882.80	1200.11
882.97	1208.30
883.14	1273.84
883.31	1271.79
883.48	1277.93
883.65	1222.64
883.82	1187.82
883.99	1155.05
884.16	1294.32
884.33	1222.64
884.50	1353.71
884.67	1368.04
884.84	1179.63
885.01	1212.40
885.18	1196.01
885.35	1198.06
885.52	1228.78
885.69	1296.36
885.86	1306.60
886.03	1294.32
886.21	1259.50
886.38	1222.64
886.55	1284.08
886.72	1206.25
886.89	1228.78
887.06	1218.54
887.23	1230.83
887.39	1216.49
887.56	1284.08
887.73	1286.12
887.90	1284.08
888.07	1173.49
888.24	1257.45
888.41	1232.88
888.58	1222.64
888.75	1269.74
888.92	1230.83
889.09	1341.42
889.26	1204.21
889.43	1245.16
889.60	1222.64
889.77	1263.60
889.94	1318.89
890.11	1230.83
890.28	1261.55
890.45	1193.97
890.62	1261.55
890.79	1193.97
890.96	1204.21
891.13	1212.40
891.30	1259.50
891.47	1234.93
891.64	1263.60
891.81	1236.97
891.98	1277.93
892.15	1220.59
892.32	1296.36
892.48	1271.79
892.65	1202.16
892.82	1204.21
892.99	1267.69
893.16	1302.51
893.33	1247.21
893.50	1314.80
893.67	1247.21
893.84	1284.08
894.01	1259.50
894.18	1249.26
894.35	1290.22
894.52	1333.23
894.68	1275.88
894.85	1206.25
895.02	1273.84
895.19	1294.32