177.85	927.73
178.07	927.73
178.28	927.73
178.50	954.35
178.72	919.54
178.94	980.98
179.16	1054.70
179.38	1032.18
179.59	1044.46
179.81	1060.85
180.03	1050.61
180.25	1044.46
180.47	1032.18
180.68	1066.99
180.90	1064.94
181.12	995.31
181.34	1021.94
181.56	1058.80
181.78	1050.61
181.99	983.02
182.21	1017.84
182.43	1044.46
182.65	966.64
182.87	1089.52
183.08	1093.62
183.30	1071.09
183.52	1017.84
183.74	1073.14
183.96	1026.03
184.17	1050.61
184.39	1044.46
184.61	1021.94
184.83	987.12
185.05	978.93
185.26	1089.52
185.48	1015.79
185.70	1089.52
185.92	1009.65
186.14	1021.94
186.35	1040.37
186.57	1044.46
186.79	1116.14
187.01	1081.33
187.23	1085.42
187.44	1009.65
187.66	1060.85
187.88	954.35
188.10	1056.75
188.32	1056.75
188.53	1103.86
188.75	1066.99
188.97	991.22
189.19	1052.66
189.41	1099.76
189.62	1015.79
189.84	1052.66
190.06	909.30
190.28	1030.13
190.49	1044.46
190.71	1071.09
190.93	1169.39
191.15	1077.23
191.37	1036.27
191.58	1044.46
191.80	1054.70
192.02	1128.43
192.24	1069.04
192.45	1019.89
192.67	1114.10
192.89	993.26
193.11	1030.13
193.33	1032.18
193.54	1042.42
193.76	1060.85
193.98	995.31
194.20	1001.46
194.41	1048.56
194.63	1130.48
194.85	1028.08
195.07	1046.51
195.28	1069.04
195.50	952.31
195.72	1003.50
195.94	1007.60
196.16	1032.18
196.37	974.83
196.59	1001.46
196.81	1007.60
197.03	1079.28
197.24	1001.46
197.46	1015.79
197.68	1116.14
197.90	1083.38
198.11	1066.99
198.33	1011.70
198.55	1091.57
198.77	1019.89
198.98	1032.18
199.20	1011.70
199.42	1060.85
199.64	1056.75
199.85	1075.18
200.07	978.93
200.29	1066.99
200.51	995.31
200.72	1056.75
200.94	1118.19
201.16	1058.80
201.37	1083.38
201.59	1060.85
201.81	1093.62
202.03	1058.80
202.24	1079.28
202.46	1038.32
202.68	1013.74
202.90	1050.61
203.11	1013.74
203.33	1069.04
203.55	1050.61
203.77	1009.65
203.98	1030.13
204.20	1046.51
204.42	1107.95
204.63	1118.19
204.85	1105.90
205.07	1081.33
205.29	1064.94
205.50	991.22
205.72	1083.38
205.94	1042.42
206.15	1073.14
206.37	1146.86
206.59	1036.27
206.81	1042.42
207.02	1064.94
207.24	1046.51
207.46	978.93
207.67	972.79
207.89	995.31
208.11	976.88
208.33	1021.94
208.54	1017.84
208.76	1038.32
208.98	1042.42
209.19	1130.48
209.41	1093.62
209.63	1069.04
209.85	1026.03
210.06	1054.70
210.28	1001.46
210.50	985.07
210.71	1023.98
210.93	997.36
211.15	1085.42
211.36	942.07
211.58	1071.09
211.80	1089.52
212.02	1030.13
212.23	1081.33
212.45	1042.42
212.67	1040.37
212.88	1015.79
213.10	1015.79
213.32	1023.98
213.53	1081.33
213.75	995.31
213.97	1015.79
214.18	980.98
214.40	1062.90
214.62	1023.98
214.83	999.41
215.05	1079.28
215.27	989.17
215.48	1050.61
215.70	995.31
215.92	983.02
216.14	1081.33
216.35	1026.03
216.57	1028.08
216.79	1003.50
217.00	1028.08
217.22	1038.32
217.44	1023.98
217.65	1032.18
217.87	1050.61
218.09	1069.04
218.30	1036.27
218.52	1048.56
218.74	1028.08
218.95	1003.50
219.17	1122.29
219.39	1032.18
219.60	1073.14
219.82	1052.66
220.04	1019.89
220.25	1062.90
220.47	995.31
220.69	1077.23
220.90	1040.37
221.12	1019.89
221.33	1073.14
221.55	1042.42
221.77	1060.85
221.98	1028.08
222.20	999.41
222.42	1032.18
222.63	1015.79
222.85	1046.51
223.07	1052.66
223.28	1042.42
223.50	970.74
223.72	1085.42
223.93	999.41
224.15	1042.42
224.37	1077.23
224.58	989.17
224.80	1001.46
225.01	1007.60
225.23	1034.22
225.45	1015.79
225.66	1048.56
225.88	1015.79
226.10	1042.42
226.31	1015.79
226.53	1110.00
226.75	1081.33
226.96	1110.00
227.18	1046.51
227.39	1009.65
227.61	1083.38
227.83	1042.42
228.04	1026.03
228.26	1064.94
228.48	1011.70
228.69	1189.87
228.91	987.12
229.12	1118.19
229.34	1034.22
229.56	1005.55
229.77	980.98
229.99	1167.34
230.21	997.36
230.42	1036.27
230.64	974.83
230.85	1060.85
231.07	1026.03
231.29	1036.27
231.50	1011.70
231.72	1017.84
231.93	1134.57
232.15	1058.80
232.37	1165.29
232.58	1017.84
232.80	1048.56
233.02	1052.66
233.23	1007.60
233.45	999.41
233.66	1032.18
233.88	1062.90
234.10	1017.84
234.31	1001.46
234.53	1091.57
234.74	1134.57
234.96	1007.60
235.18	1040.37
235.39	1040.37
235.61	1056.75
235.82	1112.05
236.04	985.07
236.25	1075.18
236.47	1013.74
236.69	1085.42
236.90	1060.85
237.12	1046.51
237.33	937.97
237.55	976.88
237.77	935.92
237.98	1103.86
238.20	1077.23
238.41	1007.60
238.63	1060.85
238.85	1062.90
239.06	1019.89
239.28	1007.60
239.49	991.22
239.71	1058.80
239.92	1042.42
240.14	1048.56
240.36	1107.95
240.57	999.41
240.79	966.64
241.00	1066.99
241.22	1032.18
241.43	1085.42
241.65	1095.66
241.87	1015.79
242.08	1046.51
242.30	1013.74
242.51	1007.60
242.73	1032.18
242.94	1079.28
243.16	1007.60
243.37	978.93
243.59	1019.89
243.81	1026.03
244.02	1021.94
244.24	1005.55
244.45	1062.90
244.67	1146.86
244.88	1118.19
245.10	1062.90
245.31	1075.18
245.53	1073.14
245.75	1083.38
245.96	995.31
246.18	1040.37
246.39	1050.61
246.61	1064.94
246.82	1112.05
247.04	1105.90
247.25	1050.61
247.47	1056.75
247.68	1038.32
247.90	991.22
248.12	1073.14
248.33	1034.22
248.55	1019.89
248.76	1013.74
248.98	989.17
249.19	1052.66
249.41	1046.51
249.62	1083.38
249.84	978.93
250.05	999.41
250.27	1071.09
250.48	1056.75
250.70	1048.56
250.92	1015.79
251.13	1101.81
251.35	1118.19
251.56	1091.57
251.78	1079.28
251.99	1023.98
252.21	1134.57
252.42	1075.18
252.64	983.02
252.85	1038.32
253.07	1048.56
253.28	1032.18
253.50	1030.13
253.71	1017.84
253.93	1052.66
254.14	1073.14
254.36	1015.79
254.57	1007.60
254.79	1009.65
255.00	1095.66
255.22	1013.74
255.43	991.22
255.65	966.64
255.86	1017.84
256.08	1017.84
256.29	1056.75
256.51	983.02
256.72	1056.75
256.94	954.35
257.15	1026.03
257.37	954.35
257.58	1101.81
257.80	1052.66
258.01	1050.61
258.23	1009.65
258.44	1056.75
258.66	1073.14
258.87	983.02
259.09	1085.42
259.30	1056.75
259.52	1056.75
259.73	1054.70
259.95	1032.18
260.16	1077.23
260.38	1036.27
260.59	1083.38
260.81	1138.67
261.02	962.55
261.24	1056.75
261.45	1005.55
261.67	1023.98
261.88	1126.38
262.10	1099.76
262.31	1150.96
262.53	995.31
262.74	1089.52
262.96	946.16
263.17	1054.70
263.38	958.45
263.60	1073.14
263.81	987.12
264.03	933.87
264.24	1105.90
264.46	1116.14
264.67	1066.99
264.89	1058.80
265.10	1036.27
265.32	991.22
265.53	987.12
265.75	999.41
265.96	1089.52
266.18	1044.46
266.39	1017.84
266.60	1028.08
266.82	1060.85
267.03	1050.61
267.25	1032.18
267.46	1028.08
267.68	964.59
267.89	1011.70
268.11	925.68
268.32	1032.18
268.54	1126.38
268.75	1079.28
268.96	1048.56
269.18	1019.89
269.39	991.22
269.61	1007.60
269.82	1036.27
270.04	1056.75
270.25	946.16
270.47	1050.61
270.68	1007.60
270.89	1050.61
271.11	1071.09
271.32	1077.23
271.54	991.22
271.75	1081.33
271.97	1032.18
272.18	919.54
272.39	985.07
272.61	1023.98
272.82	966.64
273.04	1087.47
273.25	1081.33
273.47	1036.27
273.68	1046.51
273.89	1060.85
274.11	1118.19
274.32	1019.89
274.54	1017.84
274.75	1011.70
274.97	1048.56
275.18	1032.18
275.39	1007.60
275.61	987.12
275.82	1040.37
276.04	1007.60
276.25	933.87
276.46	1087.47
276.68	1091.57
276.89	1005.55
277.11	1077.23
277.32	1046.51
277.54	1087.47
277.75	1026.03
277.96	1032.18
278.18	1021.94
278.39	1040.37
278.61	991.22
278.82	1064.94
279.03	980.98
279.25	1007.60
279.46	1003.50
279.68	1042.42
279.89	1066.99
280.10	1066.99
280.32	1048.56
280.53	989.17
280.75	991.22
280.96	974.83
281.17	1093.62
281.39	1118.19
281.60	1011.70
281.81	1081.33
282.03	942.07
282.24	1073.14
282.46	1001.46
282.67	1046.51
282.88	1042.42
283.10	1075.18
283.31	1028.08
283.53	1048.56
283.74	1058.80
283.95	1015.79
284.17	1069.04
284.38	1105.90
284.59	1050.61
284.81	1028.08
285.02	985.07
285.24	966.64
285.45	1064.94
285.66	1056.75
285.88	970.74
286.09	972.79
286.30	1056.75
286.52	1007.60
286.73	958.45
286.94	999.41
287.16	968.69
287.37	1038.32
287.59	1009.65
287.80	1062.90
288.01	980.98
288.23	964.59
288.44	1079.28
288.65	1064.94
288.87	1071.09
289.08	1083.38
289.29	1069.04
289.51	1075.18
289.72	1009.65
289.93	1013.74
290.15	1091.57
290.36	1118.19
290.58	1040.37
290.79	1058.80
291.00	983.02
291.22	1042.42
291.43	1058.80
291.64	1040.37
291.86	1034.22
292.07	1026.03
292.28	1079.28
292.50	1026.03
292.71	997.36
292.92	1052.66
293.14	1048.56
293.35	1015.79
293.56	1052.66
293.78	1032.18
293.99	1003.50
294.20	1083.38
294.42	991.22
294.63	1011.70
294.84	999.41
295.06	1011.70
295.27	1073.14
295.48	927.73
295.70	995.31
295.91	968.69
296.12	1009.65
296.34	1034.22
296.55	1064.94
296.76	1052.66
296.98	1089.52
297.19	1087.47
297.40	1062.90
297.61	1017.84
297.83	1030.13
298.04	1085.42
298.25	1079.28
298.47	1075.18
298.68	1052.66
298.89	987.12
299.11	1048.56
299.32	999.41
299.53	966.64
299.75	1042.42
299.96	956.40
300.17	960.50
300.38	1048.56
300.60	933.87
300.81	1085.42
301.02	1058.80
301.24	1036.27
301.45	1056.75
301.66	1026.03
301.88	974.83
302.09	937.97
302.30	1032.18
302.51	1087.47
302.73	1040.37
302.94	983.02
303.15	1058.80
303.37	1030.13
303.58	1032.18
303.79	1087.47
304.00	1077.23
304.22	1011.70
304.43	1048.56
304.64	1044.46
304.86	1003.50
305.07	1083.38
305.28	1071.09
305.49	1028.08
305.71	1048.56
305.92	1130.48
306.13	1091.57
306.34	1023.98
306.56	1091.57
306.77	999.41
306.98	999.41
307.20	1146.86
307.41	1062.90
307.62	1089.52
307.83	1062.90
308.05	1062.90
308.26	991.22
308.47	1046.51
308.68	1083.38
308.90	1030.13
309.11	1056.75
309.32	1021.94
309.53	1069.04
309.75	1091.57
309.96	1112.05
310.17	1017.84
310.38	1019.89
310.60	989.17
310.81	1056.75
311.02	980.98
311.23	948.21
311.45	919.54
311.66	997.36
311.87	1136.62
312.08	1044.46
312.30	976.88
312.51	989.17
312.72	1028.08
312.93	1054.70
313.15	1060.85
313.36	989.17
313.57	1077.23
313.78	1001.46
314.00	1048.56
314.21	1093.62
314.42	974.83
314.63	1017.84
314.85	1032.18
315.06	991.22
315.27	1081.33
315.48	1017.84
315.69	1015.79
315.91	978.93
316.12	1003.50
316.33	1075.18
316.54	1013.74
316.76	1075.18
316.97	1034.22
317.18	1011.70
317.39	1071.09
317.60	1081.33
317.82	991.22
318.03	1107.95
318.24	1081.33
318.45	1028.08
318.67	1060.85
318.88	993.26
319.09	1007.60
319.30	1056.75
319.51	1044.46
319.73	1081.33
319.94	1021.94
320.15	1146.86
320.36	1079.28
320.57	983.02
320.79	1005.55
321.00	1032.18
321.21	1093.62
321.42	1032.18
321.63	1052.66
321.85	1032.18
322.06	978.93
322.27	1023.98
322.48	1083.38
322.69	1042.42
322.91	1009.65
323.12	1165.29
323.33	1005.55
323.54	1034.22
323.75	1058.80
323.97	1003.50
324.18	1122.29
324.39	1040.37
324.60	1050.61
324.81	1009.65
325.02	1032.18
325.24	960.50
325.45	1026.03
325.66	1052.66
325.87	1038.32
326.08	1005.55
326.30	989.17
326.51	1011.70
326.72	1015.79
326.93	1056.75
327.14	1023.98
327.35	1134.57
327.57	1097.71
327.78	1066.99
327.99	1132.53
328.20	1048.56
328.41	1009.65
328.62	1087.47
328.84	995.31
329.05	983.02
329.26	1030.13
329.47	931.83
329.68	1023.98
329.89	962.55
330.11	1023.98
330.32	950.26
330.53	1058.80
330.74	1058.80
330.95	972.79
331.16	997.36
331.37	987.12
331.59	1042.42
331.80	1064.94
332.01	1144.81
332.22	1044.46
332.43	1075.18
332.64	1007.60
332.86	991.22
333.07	1050.61
333.28	1034.22
333.49	1052.66
333.70	1040.37
333.91	1003.50
334.12	1023.98
334.33	976.88
334.55	1013.74
334.76	1054.70
334.97	1146.86
335.18	989.17
335.39	1017.84
335.60	1083.38
335.81	1026.03
336.03	1034.22
336.24	1034.22
336.45	1032.18
336.66	1052.66
336.87	1066.99
337.08	1118.19
337.29	1032.18
337.50	993.26
337.72	1030.13
337.93	1028.08
338.14	1046.51
338.35	1003.50
338.56	1017.84
338.77	1030.13
338.98	1044.46
339.19	1052.66
339.40	1075.18
339.62	991.22
339.83	1052.66
340.04	983.02
340.25	1011.70
340.46	1050.61
340.67	1009.65
340.88	1140.72
341.09	1038.32
341.30	913.39
341.51	1017.84
341.73	962.55
341.94	1023.98
342.15	1048.56
342.36	1021.94
342.57	1060.85
342.78	1089.52
342.99	1066.99
343.20	923.63
343.41	1044.46
343.62	1095.66
343.84	1048.56
344.05	1019.89
344.26	1114.10
344.47	1062.90
344.68	1007.60
344.89	1032.18
345.10	974.83
345.31	1062.90
345.52	1058.80
345.73	1005.55
345.94	1019.89
346.15	1046.51
346.37	1062.90
346.58	1026.03
346.79	987.12
347.00	983.02
347.21	999.41
347.42	956.40
347.63	1095.66
347.84	1064.94
348.05	1015.79
348.26	1034.22
348.47	974.83
348.68	1048.56
348.89	1007.60
349.10	1081.33
349.31	983.02
349.53	968.69
349.74	1105.90
349.95	1071.09
350.16	1097.71
350.37	1056.75
350.58	1044.46
350.79	1032.18
351.00	1064.94
351.21	1099.76
351.42	991.22
351.63	995.31
351.84	1028.08
352.05	1077.23
352.26	1011.70
352.47	1064.94
352.68	956.40
352.89	1036.27
353.10	962.55
353.31	1093.62
353.52	1222.64
353.73	1034.22
353.95	1005.55
354.16	974.83
354.37	1097.71
354.58	1044.46
354.79	993.26
355.00	1021.94
355.21	1019.89
355.42	983.02
355.63	1048.56
355.84	1023.98
356.05	1009.65
356.26	1081.33
356.47	1095.66
356.68	1093.62
356.89	1017.84
357.10	1001.46
357.31	1046.51
357.52	1048.56
357.73	1015.79
357.94	1116.14
358.15	978.93
358.36	1071.09
358.57	1023.98
358.78	1005.55
358.99	950.26
359.20	1079.28
359.41	980.98
359.62	991.22
359.83	1066.99
360.04	1015.79
360.25	1015.79
360.46	1003.50
360.67	960.50
360.88	1036.27
361.09	1042.42
361.30	1128.43
361.51	1077.23
361.72	997.36
361.93	991.22
362.14	1003.50
362.35	1095.66
362.56	1042.42
362.77	987.12
362.98	1040.37
363.19	927.73
363.40	997.36
363.61	1009.65
363.82	987.12
364.03	1056.75
364.24	1032.18
364.45	1036.27
364.66	1183.73
364.87	1007.60
365.08	1038.32
365.29	1036.27
365.50	1097.71
365.71	1023.98
365.92	991.22
366.13	1056.75
366.34	1050.61
366.55	987.12
366.76	1093.62
366.97	942.07
367.18	1040.37
367.39	991.22
367.60	1017.84
367.81	1101.81
368.02	1038.32
368.23	1015.79
368.43	968.69
368.64	956.40
368.85	974.83
369.06	1026.03
369.27	995.31
369.48	1079.28
369.69	950.26
369.90	1009.65
370.11	1126.38
370.32	983.02
370.53	1021.94
370.74	978.93
370.95	1007.60
371.16	1138.67
371.37	1046.51
371.58	1011.70
371.79	1048.56
372.00	1052.66
372.21	1085.42
372.42	1122.29
372.62	1118.19
372.83	1013.74
373.04	997.36
373.25	1026.03
373.46	1110.00
373.67	1030.13
373.88	1046.51
374.09	1003.50
374.30	980.98
374.51	993.26
374.72	1071.09
374.93	1064.94
375.14	997.36
375.35	974.83
375.56	1157.10
375.76	952.31
375.97	1054.70
376.18	1038.32
376.39	987.12
376.60	1083.38
376.81	1060.85
377.02	1130.48
377.23	1044.46
377.44	1107.95
377.65	1048.56
377.86	1003.50
378.07	1066.99
378.27	1060.85
378.48	1015.79
378.69	1056.75
378.90	1036.27
379.11	1040.37
379.32	983.02
379.53	1015.79
379.74	958.45
379.95	1048.56
380.16	1052.66
380.36	1050.61
380.57	1075.18
380.78	1054.70
380.99	995.31
381.20	1071.09
381.41	1081.33
381.62	985.07
381.83	942.07
382.04	1062.90
382.25	1071.09
382.45	1040.37
382.66	1013.74
382.87	1036.27
383.08	1019.89
383.29	1044.46
383.50	1005.55
383.71	1122.29
383.92	1077.23
384.12	1005.55
384.33	993.26
384.54	1095.66
384.75	1054.70
384.96	1048.56
385.17	991.22
385.38	1005.55
385.59	1007.60
385.79	1083.38
386.00	1054.70
386.21	1044.46
386.42	1023.98
386.63	1040.37
386.84	1064.94
387.05	1081.33
387.26	1058.80
387.46	1112.05
387.67	1089.52
387.88	1083.38
388.09	1103.86
388.30	1097.71
388.51	1128.43
388.72	1077.23
388.92	1085.42
389.13	1013.74
389.34	1007.60
389.55	1114.10
389.76	1054.70
389.97	1073.14
390.17	1087.47
390.38	1048.56
390.59	1077.23
390.80	1048.56
391.01	1042.42
391.22	1042.42
391.43	1130.48
391.63	995.31
391.84	1034.22
392.05	966.64
392.26	1052.66
392.47	1075.18
392.68	1026.03
392.88	991.22
393.09	1040.37
393.30	1011.70
393.51	1023.98
393.72	1097.71
393.93	1079.28
394.13	1058.80
394.34	1083.38
394.55	1081.33
394.76	997.36
394.97	1056.75
395.17	989.17
395.38	1040.37
395.59	978.93
395.80	1196.01
396.01	999.41
396.22	1075.18
396.42	999.41
396.63	1064.94
396.84	1079.28
397.05	1075.18
397.26	1087.47
397.46	956.40
397.67	1019.89
397.88	1001.46
398.09	1062.90
398.30	1056.75
398.50	976.88
398.71	1036.27
398.92	1036.27
399.13	997.36
399.34	1013.74
399.54	1066.99
399.75	972.79
399.96	1011.70
400.17	1046.51
400.38	999.41
400.58	1073.14
400.79	985.07
401.00	1042.42
401.21	1048.56
401.42	1079.28
401.62	995.31
401.83	1048.56
402.04	1073.14
402.25	983.02
402.45	1034.22
402.66	1081.33
402.87	1042.42
403.08	1144.81
403.29	1021.94
403.49	1054.70
403.70	1062.90
403.91	1034.22
404.12	1130.48
404.32	1079.28
404.53	1005.55
404.74	997.36
404.95	958.45
405.15	1017.84
405.36	1093.62
405.57	1081.33
405.78	991.22
405.99	1079.28
406.19	962.55
406.40	1042.42
406.61	1066.99
406.82	1011.70
407.02	1083.38
407.23	995.31
407.44	1077.23
407.65	1028.08
407.85	1081.33
408.06	1036.27
408.27	1062.90
408.48	1005.55
408.68	1087.47
408.89	1087.47
409.10	1060.85
409.31	1103.86
409.51	1026.03
409.72	999.41
409.93	1009.65
410.13	1040.37
410.34	1064.94
410.55	1148.91
410.76	1023.98
410.96	1040.37
411.17	1089.52
411.38	1038.32
411.59	1069.04
411.79	1017.84
412.00	987.12
412.21	1050.61
412.42	1040.37
412.62	1089.52
412.83	931.83
413.04	1038.32
413.24	989.17
413.45	1101.81
413.66	1101.81
413.87	1122.29
414.07	1015.79
414.28	1132.53
414.49	1032.18
414.69	1066.99
414.90	1023.98
415.11	1095.66
415.32	1030.13
415.52	1060.85
415.73	1021.94
415.94	1042.42
416.14	1036.27
416.35	1081.33
416.56	1007.60
416.76	1062.90
416.97	1040.37
417.18	1091.57
417.39	1011.70
417.59	1099.76
417.80	1062.90
418.01	1107.95
418.21	1114.10
418.42	1007.60
418.63	1107.95
418.83	962.55
419.04	989.17
419.25	1044.46
419.45	1038.32
419.66	1077.23
419.87	999.41
420.08	999.41
420.28	954.35
420.49	1107.95
420.70	1036.27
420.90	1048.56
421.11	1073.14
421.32	1034.22
421.52	1028.08
421.73	1003.50
421.94	958.45
422.14	1044.46
422.35	1017.84
422.56	950.26
422.76	1007.60
422.97	1028.08
423.18	1066.99
423.38	1064.94
423.59	1169.39
423.80	1069.04
424.00	1034.22
424.21	1034.22
424.42	1075.18
424.62	1071.09
424.83	1003.50
425.04	1005.55
425.24	1042.42
425.45	995.31
425.65	1048.56
425.86	1058.80
426.07	1044.46
426.27	1069.04
426.48	1089.52
426.69	1052.66
426.89	1075.18
427.10	1032.18
427.31	1015.79
427.51	1085.42
427.72	970.74
427.93	1050.61
428.13	1081.33
428.34	1052.66
428.54	1077.23
428.75	1081.33
428.96	1046.51
429.16	1064.94
429.37	1128.43
429.58	1085.42
429.78	1050.61
429.99	1099.76
430.19	1089.52
430.40	1089.52
430.61	1040.37
430.81	1048.56
431.02	974.83
431.23	1073.14
431.43	1003.50
431.64	1079.28
431.84	931.83
432.05	1021.94
432.26	1046.51
432.46	1017.84
432.67	1130.48
432.87	983.02
433.08	1032.18
433.29	1036.27
433.49	1040.37
433.70	1060.85
433.91	993.26
434.11	1032.18
434.32	1075.18
434.52	1097.71
434.73	1044.46
434.94	1048.56
435.14	1064.94
435.35	1093.62
435.55	997.36
435.76	1089.52
435.96	1052.66
436.17	1007.60
436.38	1150.96
436.58	1089.52
436.79	1028.08
436.99	1181.68
437.20	1019.89
437.41	1026.03
437.61	1036.27
437.82	1087.47
438.02	993.26
438.23	1134.57
438.43	1007.60
438.64	1089.52
438.85	1052.66
439.05	1023.98
439.26	1087.47
439.46	1036.27
439.67	1005.55
439.87	1075.18
440.08	1066.99
440.29	1058.80
440.49	1021.94
440.70	1105.90
440.90	1011.70
441.11	1163.25
441.31	1017.84
441.52	1030.13
441.73	1062.90
441.93	1038.32
442.14	1073.14
442.34	985.07
442.55	1023.98
442.75	993.26
442.96	1009.65
443.16	1023.98
443.37	1028.08
443.58	1003.50
443.78	1013.74
443.99	1044.46
444.19	1005.55
444.40	1064.94
444.60	1036.27
444.81	978.93
445.01	1011.70
445.22	952.31
445.42	1046.51
445.63	995.31
445.83	1052.66
446.04	1083.38
446.25	1038.32
446.45	1023.98
446.66	1044.46
446.86	1026.03
447.07	1095.66
447.27	1069.04
447.48	1017.84
447.68	1050.61
447.89	1042.42
448.09	954.35
448.30	1093.62
448.50	1001.46
448.71	1009.65
448.91	1003.50
449.12	1085.42
449.32	1017.84
449.53	1103.86
449.73	983.02
449.94	1032.18
450.14	1110.00
450.35	1048.56
450.55	1023.98
450.76	1087.47
450.96	1032.18
451.17	991.22
451.37	1030.13
451.58	983.02
451.78	1026.03
451.99	1046.51
452.19	1034.22
452.40	1048.56
452.60	968.69
452.81	1032.18
453.01	1007.60
453.22	1034.22
453.42	1032.18
453.63	1034.22
453.83	1015.79
454.04	1073.14
454.24	1019.89
454.45	1081.33
454.65	1073.14
454.86	1026.03
455.06	1032.18
455.27	1028.08
455.47	1103.86
455.68	1023.98
455.88	1054.70
456.09	1118.19
456.29	1042.42
456.50	974.83
456.70	1036.27
456.91	1032.18
457.11	1021.94
457.31	995.31
457.52	1032.18
457.72	1073.14
457.93	1064.94
458.13	1007.60
458.34	1122.29
458.54	1015.79
458.75	1040.37
458.95	1003.50
459.16	1132.53
459.36	993.26
459.56	1069.04
459.77	991.22
459.97	1030.13
460.18	1052.66
460.38	1017.84
460.59	976.88
460.79	1032.18
461.00	1048.56
461.20	1107.95
461.41	1044.46
461.61	999.41
461.81	1066.99
462.02	978.93
462.22	1064.94
462.43	1077.23
462.63	999.41
462.84	1036.27
463.04	1038.32
463.24	1062.90
463.45	1017.84
463.65	1099.76
463.86	1032.18
464.06	1026.03
464.27	997.36
464.47	1054.70
464.67	1046.51
464.88	1054.70
465.08	1023.98
465.29	1130.48
465.49	1021.94
465.70	1017.84
465.90	1011.70
466.10	1017.84
466.31	1116.14
466.51	1032.18
466.72	1087.47
466.92	1077.23
467.12	1015.79
467.33	1034.22
467.53	1040.37
467.74	1003.50
467.94	1015.79
468.14	983.02
468.35	1040.37
468.55	1079.28
468.76	1042.42
468.96	1015.79
469.16	1011.70
469.37	999.41
469.57	999.41
469.78	1054.70
469.98	999.41
470.18	1050.61
470.39	1007.60
470.59	1054.70
470.80	1075.18
471.00	1081.33
471.20	976.88
471.41	985.07
471.61	1028.08
471.81	1099.76
472.02	1007.60
472.22	1105.90
472.43	1062.90
472.63	1056.75
472.83	1066.99
473.04	1032.18
473.24	1019.89
473.44	1148.91
473.65	1376.24
473.85	1044.46
474.06	991.22
474.26	1083.38
474.46	1073.14
474.67	1009.65
474.87	1030.13
475.07	1023.98
475.28	1021.94
475.48	1007.60
475.68	1054.70
475.89	1069.04
476.09	1028.08
476.29	966.64
476.50	1005.55
476.70	1038.32
476.91	1048.56
477.11	1167.34
477.31	999.41
477.52	985.07
477.72	1073.14
477.92	1103.86
478.13	1023.98
478.33	1013.74
478.53	1038.32
478.74	1081.33
478.94	1071.09
479.14	1009.65
479.35	1069.04
479.55	1019.89
479.75	1042.42
479.96	1032.18
480.16	976.88
480.36	1103.86
480.57	1023.98
480.77	1069.04
480.97	950.26
481.18	1052.66
481.38	1114.10
481.58	1023.98
481.79	968.69
481.99	1026.03
482.19	1032.18
482.39	1122.29
482.60	1060.85
482.80	1001.46
483.00	1097.71
483.21	942.07
483.41	1050.61
483.61	1044.46
483.82	1050.61
484.02	1073.14
484.22	968.69
484.43	1060.85
484.63	1071.09
484.83	1069.04
485.03	925.68
485.24	1075.18
485.44	1040.37
485.64	1054.70
485.85	985.07
486.05	966.64
486.25	1089.52
486.46	1032.18
486.66	956.40
486.86	1069.04
487.06	1044.46
487.27	1023.98
487.47	1064.94
487.67	1130.48
487.88	1038.32
488.08	1001.46
488.28	1007.60
488.48	1019.89
488.69	1009.65
488.89	985.07
489.09	997.36
489.29	1038.32
489.50	1097.71
489.70	1058.80
489.90	1042.42
490.11	960.50
490.31	1019.89
490.51	1073.14
490.71	1095.66
490.92	1026.03
491.12	1023.98
491.32	1132.53
491.52	1005.55
491.73	1009.65
491.93	1030.13
492.13	1017.84
492.33	1009.65
492.54	1021.94
492.74	980.98
492.94	1017.84
493.14	1081.33
493.35	1056.75
493.55	1028.08
493.75	1030.13
493.95	1081.33
494.16	974.83
494.36	1054.70
494.56	952.31
494.76	1081.33
494.97	1066.99
495.17	1064.94
495.37	1028.08
495.57	1034.22
495.78	1050.61
495.98	1103.86
496.18	1056.75
496.38	1087.47
496.58	1001.46
496.79	1054.70
496.99	1069.04
497.19	1028.08
497.39	1124.33
497.60	985.07
497.80	1099.76
498.00	1069.04
498.20	1015.79
498.40	1028.08
498.61	1114.10
498.81	1105.90
499.01	1030.13
499.21	1105.90
499.41	1023.98
499.62	1073.14
499.82	1060.85
500.02	1083.38
500.22	1007.60
500.43	1019.89
500.63	1122.29
500.83	1107.95
501.03	1058.80
501.23	999.41
501.44	1093.62
501.64	1087.47
501.84	1126.38
502.04	997.36
502.24	1009.65
502.44	1110.00
502.65	1040.37
502.85	1042.42
503.05	1038.32
503.25	1122.29
503.45	1077.23
503.66	1046.51
503.86	1099.76
504.06	970.74
504.26	1044.46
504.46	1136.62
504.66	1054.70
504.87	993.26
505.07	1048.56
505.27	1034.22
505.47	1085.42
505.67	1052.66
505.88	1073.14
506.08	1026.03
506.28	1040.37
506.48	1052.66
506.68	1079.28
506.88	1015.79
507.08	1075.18
507.29	1038.32
507.49	1064.94
507.69	1060.85
507.89	1048.56
508.09	1128.43
508.29	925.68
508.50	960.50
508.70	1064.94
508.90	1077.23
509.10	1071.09
509.30	991.22
509.50	995.31
509.70	1062.90
509.91	1062.90
510.11	995.31
510.31	1069.04
510.51	1118.19
510.71	970.74
510.91	1019.89
511.11	1054.70
511.32	1085.42
511.52	1056.75
511.72	1019.89
511.92	987.12
512.12	1044.46
512.32	1058.80
512.52	1103.86
512.72	999.41
512.93	1036.27
513.13	1032.18
513.33	1056.75
513.53	987.12
513.73	1026.03
513.93	1026.03
514.13	970.74
514.33	1075.18
514.54	1054.70
514.74	1071.09
514.94	1064.94
515.14	1011.70
515.34	974.83
515.54	1064.94
515.74	1048.56
515.94	1060.85
516.14	1091.57
516.35	1032.18
516.55	1005.55
516.75	1011.70
516.95	1112.05
517.15	970.74
517.35	1021.94
517.55	1001.46
517.75	1036.27
517.95	1005.55
518.15	1114.10
518.35	1056.75
518.56	1107.95
518.76	1073.14
518.96	1075.18
519.16	1107.95
519.36	987.12
519.56	1017.84
519.76	1128.43
519.96	1058.80
520.16	1075.18
520.36	1064.94
520.56	1021.94
520.76	1105.90
520.97	1081.33
521.17	1085.42
521.37	1017.84
521.57	1093.62
521.77	999.41
521.97	1038.32
522.17	1007.60
522.37	1017.84
522.57	1005.55
522.77	1005.55
522.97	1011.70
523.17	1150.96
523.37	1042.42
523.57	987.12
523.77	1060.85
523.97	1089.52
524.17	1112.05
524.38	1060.85
524.58	1038.32
524.78	1017.84
524.98	1038.32
525.18	1054.70
525.38	1048.56
525.58	1114.10
525.78	1011.70
525.98	1079.28
526.18	1081.33
526.38	1036.27
526.58	991.22
526.78	1028.08
526.98	1124.33
527.18	1036.27
527.38	1066.99
527.58	1044.46
527.78	1122.29
527.98	1060.85
528.18	1013.74
528.38	1060.85
528.58	1009.65
528.78	1079.28
528.98	1058.80
529.18	995.31
529.38	989.17
529.58	1073.14
529.78	1148.91
529.98	1062.90
530.18	1040.37
530.38	1009.65
530.58	1071.09
530.78	1083.38
530.98	1044.46
531.18	1048.56
531.38	1066.99
531.58	1064.94
531.78	1081.33
531.98	952.31
532.18	1042.42
532.38	1097.71
532.58	1034.22
532.78	1105.90
532.98	1107.95
533.18	1054.70
533.38	1101.81
533.58	1017.84
533.78	1048.56
533.98	1081.33
534.18	1011.70
534.38	1048.56
534.58	1026.03
534.78	1064.94
534.98	1050.61
535.18	1038.32
535.38	1023.98
535.58	1052.66
535.78	1048.56
535.98	1056.75
536.18	1003.50
536.38	987.12
536.58	1044.46
536.78	1066.99
536.98	1007.60
537.18	1032.18
537.38	1071.09
537.58	1015.79
537.78	1103.86
537.98	1023.98
538.18	1015.79
538.38	1069.04
538.58	980.98
538.78	1040.37
538.98	1052.66
539.18	1056.75
539.38	993.26
539.58	1042.42
539.77	1077.23
539.97	980.98
540.17	1044.46
540.37	1083.38
540.57	1105.90
540.77	1048.56
540.97	983.02
541.17	1103.86
541.37	1050.61
541.57	1052.66
541.77	1079.28
541.97	974.83
542.17	1017.84
542.37	1017.84
542.57	1099.76
542.77	974.83
542.96	999.41
543.16	972.79
543.36	1056.75
543.56	976.88
543.76	1054.70
543.96	1077.23
544.16	954.35
544.36	1038.32
544.56	1079.28
544.76	1042.42
544.96	1019.89
545.16	1071.09
545.35	1026.03
545.55	1048.56
545.75	999.41
545.95	1099.76
546.15	1060.85
546.35	1003.50
546.55	1038.32
546.75	1087.47
546.95	1103.86
547.15	1023.98
547.35	1097.71
547.54	1021.94
547.74	1042.42
547.94	1050.61
548.14	1075.18
548.34	1079.28
548.54	1032.18
548.74	983.02
548.94	1097.71
549.14	1052.66
549.33	1091.57
549.53	1038.32
549.73	958.45
549.93	1091.57
550.13	1124.33
550.33	1054.70
550.53	1046.51
550.73	1060.85
550.92	1019.89
551.12	1124.33
551.32	1046.51
551.52	1064.94
551.72	1015.79
551.92	1114.10
552.12	1089.52
552.32	1048.56
552.51	1083.38
552.71	985.07
552.91	1046.51
553.11	1042.42
553.31	1138.67
553.51	1066.99
553.71	1167.34
553.90	1204.21
554.10	1130.48
554.30	1128.43
554.50	1032.18
554.70	1155.05
554.90	1189.87
555.10	1038.32
555.29	1040.37
555.49	1085.42
555.69	1130.48
555.89	1148.91
556.09	1134.57
556.29	1183.73
556.48	1001.46
556.68	1138.67
556.88	1073.14
557.08	1161.20
557.28	1140.72
557.48	1167.34
557.67	1044.46
557.87	1093.62
558.07	1081.33
558.27	991.22
558.47	1130.48
558.67	1148.91
558.86	1126.38
559.06	1138.67
559.26	1155.05
559.46	1081.33
559.66	1161.20
559.85	1073.14
560.05	1140.72
560.25	1101.81
560.45	1310.70
560.65	1099.76
560.84	1114.10
561.04	1157.10
561.24	1130.48
561.44	1153.01
561.64	1097.71
561.83	1171.44
562.03	1144.81
562.23	1062.90
562.43	1163.25
562.63	1146.86
562.82	1089.52
563.02	1093.62
563.22	1136.62
563.42	1132.53
563.62	1159.15
563.81	1157.10
564.01	1220.59
564.21	1216.49
564.41	1136.62
564.61	1179.63
564.80	1202.16
565.00	1316.84
565.20	1138.67
565.40	1249.26
565.59	1200.11
565.79	1306.60
565.99	1273.84
566.19	1273.84
566.39	1294.32
566.58	1187.82
566.78	1314.80
566.98	1292.27
567.18	1351.66
567.37	1241.07
567.57	1363.95
567.77	1333.23
567.97	1230.83
568.16	1277.93
568.36	1263.60
568.56	1390.57
568.76	1376.24
568.95	1382.38
569.15	1447.91
569.35	1433.58
569.55	1427.43
569.74	1480.68
569.94	1495.02
570.14	1595.37
570.34	1597.42
570.53	1583.08
570.73	1611.75
570.93	1693.67
571.13	1859.56
571.32	1849.32
571.52	1966.05
571.72	1980.39
571.92	2056.16
572.11	2084.83
572.31	2346.97
572.51	2453.47
572.70	2643.93
572.90	2797.53
573.10	3069.91
573.30	3176.40
573.49	3405.77
573.69	3661.77
573.89	3876.80
574.08	4411.32
574.28	4560.83
574.48	5207.98
574.68	5648.30
574.87	5926.82
575.07	6684.57
575.27	7055.25
575.46	7729.03
575.66	8329.09
575.86	9080.69
576.06	9930.60
576.25	10788.70
576.45	11575.12
576.65	12312.39
576.84	13549.36
577.04	14765.85
577.24	15476.50
577.43	16715.52
577.63	17911.53
577.83	19226.33
578.02	20631.24
578.22	21812.92
578.42	23615.13
578.62	24581.77
578.81	26703.46
579.01	27450.97
579.21	28798.54
579.40	31145.51
579.60	32077.33
579.80	33586.69
579.99	35036.65
580.19	37037.51
580.39	38028.73
580.58	40121.76
580.78	40553.88
580.98	41246.09
581.17	42433.91
581.37	44262.75
581.57	45116.75
581.76	45213.01
581.96	46787.89
582.16	48289.06
582.35	48198.94
582.55	49462.54
582.75	50468.09
582.94	50900.22
583.14	51449.07
583.34	51537.13
583.53	53036.25
583.73	52806.87
583.92	52712.67
584.12	53382.35
584.32	54439.11
584.51	54699.20
584.71	54265.03
584.91	55188.66
585.10	55391.41
585.30	54398.15
585.50	54424.77
585.69	54764.73
585.89	55198.90
586.09	54475.97
586.28	54156.49
586.48	53595.34
586.67	52432.10
586.87	52684.00
587.07	51148.02
587.26	51743.98
587.46	49206.55
587.66	49657.10
587.85	48864.53
588.05	48180.51
588.24	46449.98
588.44	45479.24
588.64	43887.97
588.83	42925.42
589.03	41547.14
589.22	40289.69
589.42	39230.89
589.62	38514.10
589.81	36718.03
590.01	35145.19
590.20	35147.24
590.40	32863.75
590.60	32544.27
590.79	31252.00
590.99	30731.82
591.18	29822.52
591.38	28147.28
591.58	27860.57
591.77	27014.76
591.97	26039.92
592.16	25017.99
592.36	24411.79
592.56	23357.08
592.75	22015.66
592.95	21194.43
593.14	20920.00
593.34	19482.33
593.53	19201.76
593.73	18224.87
593.93	17204.99
594.12	16301.83
594.32	15431.44
594.51	15064.86
594.71	14221.10
594.91	13375.28
595.10	12472.13
595.30	11439.95
595.49	11026.26
595.69	10104.68
595.88	9277.30
596.08	8468.35
596.27	7849.86
596.47	7112.60
596.67	6530.97
596.86	5863.33
597.06	5255.09
597.25	4792.25
597.45	4206.53
597.64	3923.91
597.84	3526.60
598.03	3151.82
598.23	2965.46
598.43	2652.12
598.62	2441.18
598.82	2209.76
599.01	2007.01
599.21	2056.16
599.40	1843.17
599.60	1746.92
599.79	1662.95
599.99	1597.42
600.18	1599.46
600.38	1531.88
600.57	1400.81
600.77	1460.20
600.96	1476.59
601.16	1423.34
601.36	1337.32
601.55	1271.79
601.75	1343.47
601.94	1261.55
602.14	1370.09
602.33	1247.21
602.53	1212.40
602.72	1196.01
602.92	1153.01
603.11	1185.77
603.31	1124.33
603.50	1185.77
603.70	1183.73
603.89	1163.25
604.09	1200.11
604.28	1200.11
604.48	1189.87
604.67	1099.76
604.87	1202.16
605.06	1130.48
605.26	1130.48
605.45	1189.87
605.65	1175.53
605.84	1114.10
606.04	1187.82
606.23	1120.24
606.43	1116.14
606.62	1060.85
606.82	1107.95
607.01	1118.19
607.21	1075.18
607.40	1114.10
607.59	1087.47
607.79	1071.09
607.98	1163.25
608.18	1155.05
608.37	1114.10
608.57	1046.51
608.76	1046.51
608.96	1040.37
609.15	1110.00
609.35	1116.14
609.54	1058.80
609.74	1110.00
609.93	1085.42
610.13	1062.90
610.32	1052.66
610.51	1062.90
610.71	1236.97
610.90	1153.01
611.10	1003.50
611.29	1032.18
611.49	1130.48
611.68	1083.38
611.88	1110.00
612.07	1032.18
612.27	1189.87
612.46	1046.51
612.65	1048.56
612.85	1112.05
613.04	1034.22
613.24	1042.42
613.43	1034.22
613.63	1066.99
613.82	1089.52
614.01	1148.91
614.21	1132.53
614.40	1089.52
614.60	1073.14
614.79	1044.46
614.99	1124.33
615.18	1122.29
615.37	1064.94
615.57	1058.80
615.76	1026.03
615.96	1105.90
616.15	1107.95
616.35	1091.57
616.54	1083.38
616.73	1050.61
616.93	1042.42
617.12	1052.66
617.32	1093.62
617.51	1120.24
617.70	1060.85
617.90	1124.33
618.09	1085.42
618.29	1091.57
618.48	968.69
618.67	1101.81
618.87	1130.48
619.06	976.88
619.26	1079.28
619.45	1120.24
619.64	1099.76
619.84	1023.98
620.03	1089.52
620.22	1126.38
620.42	1103.86
620.61	1056.75
620.81	1085.42
621.00	1073.14
621.19	1026.03
621.39	1013.74
621.58	1134.57
621.78	1073.14
621.97	1089.52
622.16	1095.66
622.36	1066.99
622.55	1081.33
622.74	1071.09
622.94	1081.33
623.13	1011.70
623.32	1097.71
623.52	1064.94
623.71	1030.13
623.91	993.26
624.10	1062.90
624.29	1066.99
624.49	1062.90
624.68	1050.61
624.87	1015.79
625.07	1056.75
625.26	1079.28
625.45	1026.03
625.65	1017.84
625.84	1042.42
626.03	1017.84
626.23	997.36
626.42	1050.61
626.61	960.50
626.81	1118.19
627.00	1011.70
627.19	991.22
627.39	1091.57
627.58	970.74
627.77	1064.94
627.97	1095.66
628.16	1093.62
628.35	1101.81
628.55	1107.95
628.74	1081.33
628.93	913.39
629.13	1091.57
629.32	1058.80
629.51	1058.80
629.71	987.12
629.90	1095.66
630.09	1032.18
630.29	1056.75
630.48	1019.89
630.67	1069.04
630.86	1009.65
631.06	923.63
631.25	1103.86
631.44	1005.55
631.64	1023.98
631.83	1110.00
632.02	1114.10
632.22	1040.37
632.41	989.17
632.60	1056.75
632.79	1019.89
632.99	1036.27
633.18	1056.75
633.37	1118.19
633.57	1007.60
633.76	1005.55
633.95	966.64
634.14	1023.98
634.34	1005.55
634.53	1015.79
634.72	1017.84
634.92	991.22
635.11	987.12
635.30	999.41
635.49	1079.28
635.69	1132.53
635.88	1042.42
636.07	958.45
636.26	1046.51
636.46	1083.38
636.65	1089.52
636.84	1056.75
637.03	1048.56
637.23	1064.94
637.42	1054.70
637.61	1040.37
637.80	1007.60
638.00	1044.46
638.19	966.64
638.38	1030.13
638.57	972.79
638.77	958.45
638.96	1054.70
639.15	1019.89
639.34	1050.61
639.54	1034.22
639.73	1056.75
639.92	1011.70
640.11	1005.55
640.31	1048.56
640.50	1036.27
640.69	1054.70
640.88	989.17
641.08	1052.66
641.27	1005.55
641.46	1054.70
641.65	1044.46
641.84	962.55
642.04	1048.56
642.23	989.17
642.42	1009.65
642.61	1050.61
642.81	1036.27
643.00	1023.98
643.19	1058.80
643.38	1120.24
643.57	1087.47
643.77	1026.03
643.96	1042.42
644.15	1101.81
644.34	993.26
644.53	1075.18
644.73	1015.79
644.92	1040.37
645.11	980.98
645.30	1062.90
645.49	1007.60
645.69	956.40
645.88	993.26
646.07	989.17
646.26	1042.42
646.45	1021.94
646.65	1028.08
646.84	1009.65
647.03	976.88
647.22	1120.24
647.41	991.22
647.60	1030.13
647.80	1077.23
647.99	1023.98
648.18	1017.84
648.37	1019.89
648.56	1091.57
648.75	1034.22
648.95	980.98
649.14	1069.04
649.33	989.17
649.52	1089.52
649.71	1083.38
649.90	1042.42
650.10	1112.05
650.29	1126.38
650.48	1019.89
650.67	978.93
650.86	1028.08
651.05	1069.04
651.25	1101.81
651.44	1009.65
651.63	1091.57
651.82	1077.23
652.01	1056.75
652.20	1089.52
652.39	1091.57
652.59	1050.61
652.78	993.26
652.97	966.64
653.16	1026.03
653.35	1034.22
653.54	1036.27
653.73	1118.19
653.93	1095.66
654.12	1095.66
654.31	1021.94
654.50	1003.50
654.69	1023.98
654.88	1026.03
655.07	976.88
655.26	1064.94
655.45	1007.60
655.65	1042.42
655.84	1064.94
656.03	1087.47
656.22	999.41
656.41	1023.98
656.60	1099.76
656.79	960.50
656.98	999.41
657.17	1013.74
657.37	1048.56
657.56	999.41
657.75	1019.89
657.94	1066.99
658.13	1005.55
658.32	1048.56
658.51	1150.96
658.70	1064.94
658.89	1122.29
659.08	1118.19
659.28	1048.56
659.47	978.93
659.66	1073.14
659.85	1124.33
660.04	1157.10
660.23	1030.13
660.42	1019.89
660.61	1056.75
660.80	991.22
660.99	1030.13
661.18	1085.42
661.37	978.93
661.56	1009.65
661.76	974.83
661.95	1120.24
662.14	1048.56
662.33	1101.81
662.52	1058.80
662.71	1040.37
662.90	958.45
663.09	1064.94
663.28	1009.65
663.47	1019.89
663.66	1087.47
663.85	1101.81
664.04	993.26
664.23	995.31
664.42	1066.99
664.61	1069.04
664.80	1023.98
664.99	1028.08
665.19	1056.75
665.38	1023.98
665.57	1114.10
665.76	964.59
665.95	1040.37
666.14	995.31
666.33	1097.71
666.52	1040.37
666.71	1058.80
666.90	1034.22
667.09	1069.04
667.28	1081.33
667.47	1058.80
667.66	952.31
667.85	1128.43
668.04	968.69
668.23	1062.90
668.42	1087.47
668.61	1073.14
668.80	1066.99
668.99	1114.10
669.18	1081.33
669.37	991.22
669.56	1048.56
669.75	1058.80
669.94	1101.81
670.13	1144.81
670.32	1093.62
670.51	1030.13
670.70	1083.38
670.89	1081.33
671.08	1032.18
671.27	1077.23
671.46	1052.66
671.65	1019.89
671.84	1011.70
672.03	1046.51
672.22	1005.55
672.41	1017.84
672.60	1036.27
672.79	1040.37
672.98	1028.08
673.17	1013.74
673.36	1044.46
673.55	1017.84
673.74	1019.89
673.93	978.93
674.12	1026.03
674.31	1023.98
674.50	1056.75
674.69	948.21
674.88	989.17
675.07	1044.46
675.26	1032.18
675.45	1030.13
675.64	1003.50
675.82	1050.61
676.01	976.88
676.20	1005.55
676.39	1007.60
676.58	1001.46
676.77	1030.13
676.96	1005.55
677.15	1026.03
677.34	995.31
677.53	999.41
677.72	1093.62
677.91	1048.56
678.10	1001.46
678.29	1019.89
678.48	1046.51
678.67	1026.03
678.86	1093.62
679.05	1011.70
679.23	1040.37
679.42	1060.85
679.61	1103.86
679.80	1040.37
679.99	1019.89
680.18	1060.85
680.37	1071.09
680.56	1089.52
680.75	1075.18
680.94	1110.00
681.13	1058.80
681.32	1066.99
681.51	1079.28
681.69	1032.18
681.88	1056.75
682.07	956.40
682.26	1017.84
682.45	1034.22
682.64	1028.08
682.83	1026.03
683.02	1081.33
683.21	970.74
683.40	1058.80
683.58	1040.37
683.77	1032.18
683.96	1042.42
684.15	1003.50
684.34	1075.18
684.53	1015.79
684.72	993.26
684.91	1077.23
685.10	1050.61
685.28	1083.38
685.47	1015.79
685.66	1054.70
685.85	1079.28
686.04	1009.65
686.23	1077.23
686.42	995.31
686.61	1077.23
686.79	1011.70
686.98	983.02
687.17	1038.32
687.36	1056.75
687.55	1034.22
687.74	954.35
687.93	1001.46
688.11	1050.61
688.30	1036.27
688.49	1101.81
688.68	1019.89
688.87	958.45
689.06	972.79
689.25	993.26
689.43	1103.86
689.62	1007.60
689.81	1028.08
690.00	1023.98
690.19	1028.08
690.38	1050.61
690.56	1032.18
690.75	1079.28
690.94	1017.84
691.13	1058.80
691.32	1028.08
691.51	964.59
691.69	1019.89
691.88	1091.57
692.07	1030.13
692.26	1036.27
692.45	1085.42
692.64	1056.75
692.82	1040.37
693.01	1054.70
693.20	1060.85
693.39	1017.84
693.58	1011.70
693.77	1046.51
693.95	1103.86
694.14	995.31
694.33	1026.03
694.52	1015.79
694.71	1017.84
694.89	1032.18
695.08	1056.75
695.27	1009.65
695.46	1126.38
695.65	1101.81
695.83	1097.71
696.02	1071.09
696.21	1083.38
696.40	1073.14
696.59	985.07
696.77	1087.47
696.96	1085.42
697.15	983.02
697.34	1036.27
697.52	1011.70
697.71	1052.66
697.90	1124.33
698.09	1013.74
698.28	1054.70
698.46	1013.74
698.65	1075.18
698.84	1023.98
699.03	1064.94
699.21	1015.79
699.40	1015.79
699.59	1028.08
699.78	1040.37
699.96	1124.33
700.15	1030.13
700.34	954.35
700.53	1042.42
700.72	1038.32
700.90	1005.55
701.09	993.26
701.28	1040.37
701.47	1019.89
701.65	970.74
701.84	1050.61
702.03	1032.18
702.21	1028.08
702.40	1066.99
702.59	1116.14
702.78	1032.18
702.96	1009.65
703.15	1019.89
703.34	1009.65
703.53	987.12
703.71	1015.79
703.90	1071.09
704.09	1060.85
704.28	1026.03
704.46	1054.70
704.65	1046.51
704.84	993.26
705.02	1064.94
705.21	1017.84
705.40	1017.84
705.59	1066.99
705.77	1075.18
705.96	1079.28
706.15	1001.46
706.33	1040.37
706.52	1023.98
706.71	997.36
706.90	983.02
707.08	1130.48
707.27	1001.46
707.46	1112.05
707.64	1021.94
707.83	1058.80
708.02	1036.27
708.20	1048.56
708.39	1021.94
708.58	1083.38
708.77	1097.71
708.95	1032.18
709.14	1007.60
709.33	1032.18
709.51	1085.42
709.70	1077.23
709.89	1030.13
710.07	1021.94
710.26	1136.62
710.45	1015.79
710.63	968.69
710.82	1023.98
711.01	1138.67
711.19	1015.79
711.38	1069.04
711.57	1064.94
711.75	1071.09
711.94	983.02
712.13	1085.42
712.31	1052.66
712.50	1066.99
712.69	1083.38
712.87	1048.56
713.06	942.07
713.25	1099.76
713.43	1073.14
713.62	1040.37
713.81	1069.04
713.99	1089.52
714.18	989.17
714.36	1105.90
714.55	1146.86
714.74	1021.94
714.92	1028.08
715.11	1007.60
715.30	1132.53
715.48	972.79
715.67	1064.94
715.86	1021.94
716.04	1066.99
716.23	1064.94
716.41	1060.85
716.60	1056.75
716.79	1071.09
716.97	1091.57
717.16	1001.46
717.35	1085.42
717.53	1050.61
717.72	1038.32
717.90	1011.70
718.09	1054.70
718.28	1056.75
718.46	1066.99
718.65	1079.28
718.83	985.07
719.02	1093.62
719.21	1019.89
719.39	1009.65
719.58	1007.60
719.76	980.98
719.95	1036.27
720.14	1107.95
720.32	1079.28
720.51	991.22
720.69	1036.27
720.88	1036.27
721.07	1093.62
721.25	1083.38
721.44	976.88
721.62	1089.52
721.81	968.69
721.99	1077.23
722.18	1038.32
722.37	1015.79
722.55	974.83
722.74	1011.70
722.92	1058.80
723.11	1136.62
723.29	1030.13
723.48	1052.66
723.67	1015.79
723.85	1050.61
724.04	1056.75
724.22	1085.42
724.41	999.41
724.59	1064.94
724.78	1054.70
724.96	1036.27
725.15	1056.75
725.34	1083.38
725.52	1087.47
725.71	1093.62
725.89	1048.56
726.08	1054.70
726.26	1040.37
726.45	1136.62
726.63	1097.71
726.82	1097.71
727.00	1146.86
727.19	1097.71
727.37	1105.90
727.56	1085.42
727.75	1028.08
727.93	1165.29
728.12	991.22
728.30	1066.99
728.49	1056.75
728.67	1077.23
728.86	1007.60
729.04	1101.81
729.23	991.22
729.41	993.26
729.60	1075.18
729.78	1015.79
729.97	1077.23
730.15	1077.23
730.34	1064.94
730.52	1099.76
730.71	1030.13
730.89	1114.10
731.08	1038.32
731.26	1110.00
731.45	1056.75
731.63	1071.09
731.82	1032.18
732.00	974.83
732.19	968.69
732.37	1021.94
732.56	1085.42
732.74	999.41
732.93	1032.18
733.11	1144.81
733.30	985.07
733.48	1114.10
733.67	978.93
733.85	1081.33
734.04	1019.89
734.22	1064.94
734.41	1138.67
734.59	995.31
734.77	1124.33
734.96	1069.04
735.14	1073.14
735.33	1054.70
735.51	1015.79
735.70	1075.18
735.88	1060.85
736.07	1124.33
736.25	1081.33
736.44	1083.38
736.62	1105.90
736.80	1026.03
736.99	1159.15
737.17	972.79
737.36	1101.81
737.54	1077.23
737.73	1069.04
737.91	1138.67
738.10	1034.22
738.28	1116.14
738.46	1075.18
738.65	1081.33
738.83	1040.37
739.02	1103.86
739.20	1064.94
739.39	1050.61
739.57	1122.29
739.75	1081.33
739.94	1056.75
740.12	1023.98
740.31	1075.18
740.49	1015.79
740.68	1019.89
740.86	1034.22
741.04	1050.61
741.23	1116.14
741.41	993.26
741.60	1038.32
741.78	1132.53
741.96	1046.51
742.15	1081.33
742.33	1081.33
742.52	1048.56
742.70	1103.86
742.88	1198.06
743.07	1077.23
743.25	1116.14
743.44	1097.71
743.62	1075.18
743.80	1097.71
743.99	1148.91
744.17	1066.99
744.36	1097.71
744.54	1126.38
744.72	1093.62
744.91	1040.37
745.09	1066.99
745.27	1066.99
745.46	1138.67
745.64	1124.33
745.83	1052.66
746.01	1140.72
746.19	1146.86
746.38	1105.90
746.56	1087.47
746.74	1161.20
746.93	1089.52
747.11	1126.38
747.29	1087.47
747.48	1034.22
747.66	1124.33
747.85	1148.91
748.03	1062.90
748.21	1118.19
748.40	1214.45
748.58	1134.57
748.76	1097.71
748.95	1032.18
749.13	1073.14
749.31	999.41
749.50	1161.20
749.68	1138.67
749.86	1097.71
750.05	995.31
750.23	1114.10
750.41	1134.57
750.60	1085.42
750.78	1066.99
750.96	1079.28
751.15	1011.70
751.33	1052.66
751.51	1066.99
751.70	1138.67
751.88	1107.95
752.06	1038.32
752.25	1077.23
752.43	1134.57
752.61	1196.01
752.79	1056.75
752.98	1091.57
753.16	995.31
753.34	1019.89
753.53	1138.67
753.71	1054.70
753.89	1099.76
754.08	1003.50
754.26	1159.15
754.44	972.79
754.62	1052.66
754.81	1132.53
754.99	1171.44
755.17	1038.32
755.36	1023.98
755.54	1083.38
755.72	1134.57
755.91	1116.14
756.09	1064.94
756.27	1146.86
756.45	1110.00
756.64	1136.62
756.82	1091.57
757.00	1077.23
757.18	1130.48
757.37	1169.39
757.55	1064.94
757.73	1101.81
757.92	1058.80
758.10	1105.90
758.28	1103.86
758.46	1058.80
758.65	1052.66
758.83	1075.18
759.01	1122.29
759.19	1130.48
759.38	1087.47
759.56	1021.94
759.74	1011.70
759.92	1007.60
760.11	1095.66
760.29	1136.62
760.47	1007.60
760.65	1124.33
760.84	1075.18
761.02	1030.13
761.20	1079.28
761.38	1032.18
761.56	1087.47
761.75	1191.92
761.93	1040.37
762.11	1116.14
762.29	1077.23
762.48	1173.49
762.66	1028.08
762.84	1120.24
763.02	1122.29
763.20	1099.76
763.39	1085.42
763.57	1179.63
763.75	1124.33
763.93	1077.23
764.12	1077.23
764.30	1071.09
764.48	1114.10
764.66	1077.23
764.84	1148.91
765.03	1028.08
765.21	1179.63
765.39	1069.04
765.57	1097.71
765.75	1066.99
765.94	1097.71
766.12	993.26
766.30	1124.33
766.48	1058.80
766.66	1064.94
766.84	1066.99
767.03	1101.81
767.21	1101.81
767.39	1042.42
767.57	1105.90
767.75	1138.67
767.94	1140.72
768.12	1089.52
768.30	1173.49
768.48	1085.42
768.66	1146.86
768.84	1097.71
769.03	1148.91
769.21	1114.10
769.39	1064.94
769.57	1073.14
769.75	1134.57
769.93	1036.27
770.11	1091.57
770.30	1097.71
770.48	1110.00
770.66	1052.66
770.84	1146.86
771.02	1085.42
771.20	1126.38
771.39	1144.81
771.57	1105.90
771.75	1097.71
771.93	1034.22
772.11	1077.23
772.29	1062.90
772.47	1103.86
772.65	1023.98
772.84	1105.90
773.02	1073.14
773.20	1085.42
773.38	1040.37
773.56	1196.01
773.74	1085.42
773.92	1101.81
774.10	1128.43
774.29	1159.15
774.47	1073.14
774.65	1001.46
774.83	1142.77
775.01	1060.85
775.19	1056.75
775.37	1083.38
775.55	1032.18
775.73	993.26
775.92	1093.62
776.10	1114.10
776.28	1013.74
776.46	1118.19
776.64	1013.74
776.82	1198.06
777.00	1163.25
777.18	1099.76
777.36	1083.38
777.54	1103.86
777.72	1112.05
777.91	1048.56
778.09	1081.33
778.27	1134.57
778.45	1075.18
778.63	1044.46
778.81	1103.86
778.99	1091.57
779.17	1069.04
779.35	1064.94
779.53	1089.52
779.71	1077.23
779.89	991.22
780.07	1122.29
780.25	1101.81
780.44	1036.27
780.62	1044.46
780.80	1083.38
780.98	1079.28
781.16	1023.98
781.34	1083.38
781.52	1050.61
781.70	1148.91
781.88	1026.03
782.06	1097.71
782.24	1019.89
782.42	1064.94
782.60	1118.19
782.78	1148.91
782.96	1056.75
783.14	1001.46
783.32	1081.33
783.50	1103.86
783.68	1157.10
783.86	1136.62
784.04	1036.27
784.22	1146.86
784.40	958.45
784.58	1075.18
784.76	1114.10
784.95	1148.91
785.13	1030.13
785.31	1144.81
785.49	1142.77
785.67	1073.14
785.85	1087.47
786.03	1077.23
786.21	1079.28
786.39	1081.33
786.57	1062.90
786.75	995.31
786.93	1146.86
787.11	985.07
787.29	997.36
787.47	1050.61
787.65	1085.42
787.83	1105.90
788.01	1015.79
788.19	1110.00
788.37	1095.66
788.55	1105.90
788.72	1099.76
788.90	1148.91
789.08	1118.19
789.26	972.79
789.44	1101.81
789.62	1091.57
789.80	1056.75
789.98	1157.10
790.16	1064.94
790.34	1105.90
790.52	1077.23
790.70	1126.38
790.88	1050.61
791.06	1112.05
791.24	1105.90
791.42	985.07
791.60	1056.75
791.78	1103.86
791.96	1110.00
792.14	1048.56
792.32	1089.52
792.50	1105.90
792.68	1095.66
792.86	1007.60
793.04	1093.62
793.22	1099.76
793.39	1130.48
793.57	1079.28
793.75	1042.42
793.93	1075.18
794.11	1034.22
794.29	1097.71
794.47	1163.25
794.65	1097.71
794.83	1062.90
795.01	1148.91
795.19	1132.53
795.37	1081.33
795.55	1087.47
795.73	1075.18
795.90	1075.18
796.08	1007.60
796.26	1060.85
796.44	1060.85
796.62	1087.47
796.80	1048.56
796.98	1052.66
797.16	1013.74
797.34	1052.66
797.52	1056.75
797.70	1089.52
797.87	1114.10
798.05	1140.72
798.23	1042.42
798.41	1040.37
798.59	1034.22
798.77	1046.51
798.95	1048.56
799.13	1069.04
799.31	1118.19
799.48	1132.53
799.66	1060.85
799.84	1015.79
800.02	1044.46
800.20	997.36
800.38	1015.79
800.56	1058.80
800.74	1042.42
800.91	1066.99
801.09	1077.23
801.27	1040.37
801.45	1083.38
801.63	1081.33
801.81	1050.61
801.99	1112.05
802.16	1052.66
802.34	1075.18
802.52	991.22
802.70	1114.10
802.88	1110.00
803.06	1062.90
803.24	1005.55
803.41	1042.42
803.59	1150.96
803.77	1044.46
803.95	1040.37
804.13	1015.79
804.31	1126.38
804.48	1032.18
804.66	1048.56
804.84	1023.98
805.02	1097.71
805.20	1023.98
805.38	1159.15
805.55	1050.61
805.73	1032.18
805.91	1001.46
806.09	1017.84
806.27	1021.94
806.44	985.07
806.62	1048.56
806.80	1036.27
806.98	1079.28
807.16	1085.42
807.34	964.59
807.51	1187.82
807.69	1085.42
807.87	1023.98
808.05	1064.94
808.23	1030.13
808.40	1069.04
808.58	1083.38
808.76	1150.96
808.94	1064.94
809.11	1019.89
809.29	1083.38
809.47	1036.27
809.65	1079.28
809.83	1064.94
810.00	1071.09
810.18	1052.66
810.36	1069.04
810.54	1073.14
810.72	1007.60
810.89	970.74
811.07	1110.00
811.25	1023.98
811.43	1036.27
811.60	1056.75
811.78	1087.47
811.96	1028.08
812.14	1085.42
812.31	966.64
812.49	989.17
812.67	1001.46
812.85	1087.47
813.02	1171.44
813.20	1077.23
813.38	1091.57
813.56	1056.75
813.73	1114.10
813.91	1089.52
814.09	1046.51
814.27	1054.70
814.44	1050.61
814.62	1036.27
814.80	1023.98
814.98	1081.33
815.15	1017.84
815.33	1007.60
815.51	1064.94
815.69	1040.37
815.86	1056.75
816.04	1071.09
816.22	1069.04
816.39	1052.66
816.57	1105.90
816.75	1140.72
816.93	1093.62
817.10	1230.83
817.28	1105.90
817.46	1075.18
817.63	1169.39
817.81	1007.60
817.99	1019.89
818.17	1001.46
818.34	1077.23
818.52	1048.56
818.70	1036.27
818.87	1001.46
819.05	1069.04
819.23	1009.65
819.40	1015.79
819.58	1093.62
819.76	1019.89
819.93	1050.61
820.11	999.41
820.29	1040.37
820.46	1097.71
820.64	1097.71
820.82	1042.42
821.00	1066.99
821.17	1071.09
821.35	1038.32
821.53	1089.52
821.70	1011.70
821.88	890.87
822.06	1095.66
822.23	1042.42
822.41	1097.71
822.59	1159.15
822.76	1081.33
822.94	1087.47
823.11	1034.22
823.29	1052.66
823.47	1110.00
823.64	1046.51
823.82	1050.61
824.00	1009.65
824.17	1077.23
824.35	1019.89
824.53	1062.90
824.70	1110.00
824.88	1048.56
825.06	1114.10
825.23	1136.62
825.41	1036.27
825.58	964.59
825.76	1040.37
825.94	950.26
826.11	1056.75
826.29	964.59
826.47	1089.52
826.64	1279.98
826.82	1034.22
826.99	1050.61
827.17	1007.60
827.35	993.26
827.52	972.79
827.70	1099.76
827.87	1079.28
828.05	1062.90
828.23	1089.52
828.40	1136.62
828.58	1066.99
828.75	1058.80
828.93	1056.75
829.11	1071.09
829.28	1140.72
829.46	1001.46
829.63	995.31
829.81	1017.84
829.99	1023.98
830.16	1071.09
830.34	1079.28
830.51	980.98
830.69	1097.71
830.87	1032.18
831.04	1075.18
831.22	1036.27
831.39	980.98
831.57	978.93
831.74	1071.09
831.92	1069.04
832.10	1011.70
832.27	1114.10
832.45	1011.70
832.62	1150.96
832.80	1038.32
832.97	1054.70
833.15	1089.52
833.32	1028.08
833.50	1038.32
833.68	1028.08
833.85	1071.09
834.03	1073.14
834.20	1032.18
834.38	1128.43
834.55	1056.75
834.73	1105.90
834.90	1034.22
835.08	1071.09
835.25	1089.52
835.43	1048.56
835.60	1030.13
835.78	999.41
835.96	983.02
836.13	1058.80
836.31	1019.89
836.48	1060.85
836.66	1023.98
836.83	1083.38
837.01	991.22
837.18	1017.84
837.36	1046.51
837.53	1056.75
837.71	1026.03
837.88	1105.90
838.06	1087.47
838.23	1046.51
838.41	1099.76
838.58	1069.04
838.76	1026.03
838.93	1136.62
839.11	980.98
839.28	1058.80
839.46	1030.13
839.63	997.36
839.81	1089.52
839.98	1050.61
840.16	935.92
840.33	1044.46
840.51	1028.08
840.68	1060.85
840.86	1083.38
841.03	1034.22
841.21	1056.75
841.38	968.69
841.55	1103.86
841.73	1042.42
841.90	1034.22
842.08	1093.62
842.25	1054.70
842.43	1019.89
842.60	1019.89
842.78	1019.89
842.95	1044.46
843.13	1038.32
843.30	1071.09
843.48	931.83
843.65	1066.99
843.82	1079.28
844.00	1066.99
844.17	1026.03
844.35	1054.70
844.52	1048.56
844.70	1054.70
844.87	1017.84
845.05	1089.52
845.22	1026.03
845.39	1073.14
845.57	1028.08
845.74	1046.51
845.92	1036.27
846.09	958.45
846.27	1110.00
846.44	1040.37
846.61	1050.61
846.79	1032.18
846.96	1040.37
847.14	1023.98
847.31	1040.37
847.48	1056.75
847.66	1003.50
847.83	1103.86
848.01	1071.09
848.18	1085.42
848.35	1023.98
848.53	1058.80
848.70	1056.75
848.88	1048.56
849.05	999.41
849.22	1030.13
849.40	1066.99
849.57	993.26
849.75	1019.89
849.92	1042.42
850.09	1023.98
850.27	1050.61
850.44	1112.05
850.62	1036.27
850.79	983.02
850.96	1001.46
851.14	983.02
851.31	1124.33
851.48	1056.75
851.66	1077.23
851.83	958.45
852.01	1023.98
852.18	1015.79
852.35	1021.94
852.53	1038.32
852.70	1028.08
852.87	1009.65
853.05	1060.85
853.22	1038.32
853.39	1048.56
853.57	1077.23
853.74	1069.04
853.91	1118.19
854.09	1052.66
854.26	1036.27
854.43	976.88
854.61	1038.32
854.78	983.02
854.95	1097.71
855.13	1060.85
855.30	1060.85
855.47	1009.65
855.65	1034.22
855.82	1032.18
855.99	1064.94
856.17	1071.09
856.34	1046.51
856.51	991.22
856.69	1046.51
856.86	1048.56
857.03	1062.90
857.21	976.88
857.38	1005.55
857.55	1144.81
857.73	1042.42
857.90	1036.27
858.07	1052.66
858.24	1036.27
858.42	1034.22
858.59	1056.75
858.76	1019.89
858.94	1138.67
859.11	1093.62
859.28	1058.80
859.46	1007.60
859.63	1042.42
859.80	1040.37
859.97	1079.28
860.15	964.59
860.32	1095.66
860.49	1048.56
860.67	1007.60
860.84	1005.55
861.01	1069.04
861.18	1058.80
861.36	1069.04
861.53	1042.42
861.70	1083.38
861.87	1095.66
862.05	1175.53
862.22	1044.46
862.39	1079.28
862.56	1030.13
862.74	1026.03
862.91	1062.90
863.08	1044.46
863.25	1052.66
863.43	968.69
863.60	1052.66
863.77	929.78
863.94	1101.81
864.12	995.31
864.29	1073.14
864.46	1071.09
864.63	1060.85
864.81	1019.89
864.98	1079.28
865.15	1071.09
865.32	1122.29
865.50	1097.71
865.67	954.35
865.84	1140.72
866.01	993.26
866.18	1028.08
866.36	995.31
866.53	1036.27
866.70	1034.22
866.87	1026.03
867.04	980.98
867.22	1062.90
867.39	1103.86
867.56	1011.70
867.73	1093.62
867.90	1052.66
868.08	1038.32
868.25	1085.42
868.42	1023.98
868.59	999.41
868.76	1052.66
868.94	983.02
869.11	1105.90
869.28	964.59
869.45	1110.00
869.62	999.41
869.80	1085.42
869.97	1017.84
870.14	1040.37
870.31	1038.32
870.48	980.98
870.65	925.68
870.83	1042.42
871.00	999.41
871.17	1056.75
871.34	1099.76
871.51	1036.27
871.68	1042.42
871.86	1040.37
872.03	1130.48
872.20	1013.74
872.37	958.45
872.54	1044.46
872.71	1116.14
872.89	1093.62
873.06	1124.33
873.23	1069.04
873.40	1056.75
873.57	1114.10
873.74	1085.42
873.91	999.41
874.09	1023.98
874.26	1122.29
874.43	1026.03
874.60	1028.08
874.77	1023.98
874.94	1001.46
875.11	1038.32
875.28	1040.37
875.46	1019.89
875.63	1036.27
875.80	1087.47
875.97	1050.61
876.14	1064.94
876.31	1093.62
876.48	1130.48
876.65	1138.67
876.82	1026.03
877.00	1073.14
877.17	1097.71
877.34	1089.52
877.51	1060.85
877.68	960.50
877.85	1034.22
878.02	1032.18
878.19	1081.33
878.36	978.93
878.53	1077.23
878.70	1009.65
878.88	1069.04
879.05	1062.90
879.22	942.07
879.39	1083.38
879.56	1040.37
879.73	1062.90
879.90	1019.89
880.07	1132.53
880.24	1026.03
880.41	1085.42
880.58	1042.42
880.75	1007.60
880.92	1038.32
881.10	972.79
881.27	1019.89
881.44	1032.18
881.61	1077.23
881.78	1028.08
881.95	1034.22
882.12	1060.85
882.29	999.41
882.46	997.36
882.63	1048.56
882.80	1075.18
882.97	1173.49
883.14	1075.18
883.31	1066.99
883.48	1052.66
883.65	1048.56
883.82	1019.89
883.99	1054.70
884.16	1036.27
884.33	1048.56
884.50	1060.85
884.67	1048.56
884.84	1034.22
885.01	1036.27
885.18	1017.84
885.35	1040.37
885.52	1044.46
885.69	1087.47
885.86	1062.90
886.03	1071.09
886.21	1013.74
886.38	1036.27
886.55	1114.10
886.72	991.22
886.89	1120.24
887.06	1048.56
887.23	1013.74
887.39	993.26
887.56	1079.28
887.73	1030.13
887.90	1042.42
888.07	1019.89
888.24	1101.81
888.41	1069.04
888.58	1052.66
888.75	1116.14
888.92	1087.47
889.09	1048.56
889.26	1122.29
889.43	1048.56
889.60	1083.38
889.77	1009.65
889.94	1103.86
890.11	1060.85
890.28	1019.89
890.45	1009.65
890.62	1066.99
890.79	1114.10
890.96	1161.20
891.13	1101.81
891.30	1075.18
891.47	1064.94
891.64	1083.38
891.81	1001.46
891.98	1062.90
892.15	1028.08
892.32	1112.05
892.48	1091.57
892.65	1036.27
892.82	1042.42
892.99	935.92
893.16	1091.57
893.33	1052.66
893.50	1040.37
893.67	1015.79
893.84	1040.37
894.01	1032.18
894.18	1120.24
894.35	1091.57
894.52	1132.53
894.68	1099.76
894.85	1030.13
895.02	1105.90
895.19	1069.04
